-110	23														
-120	Animal	Exp	Trial	Date	Time	Phase	Fre No. Phase	Fre No. Part	Time from [s]	Time to [s]	Dur. [s]	Part No. Start	Part No. End	Name Start	Name End
-130	3	3	3	1	1	3	3	3	2	2	2	3	3	1	1
-900	10005	1	1	06.07.2018	14:08	1	1	1	0,00	13,76	13,76	1	1	Habituation	Habituation
-900	10005	1	1	06.07.2018	14:08	1	2	2	13,76	15,39	1,63	1	1	Habituation	Habituation
-900	10005	1	1	06.07.2018	14:08	1	3	3	15,39	37,02	21,63	1	1	Habituation	Habituation
-900	10005	1	1	06.07.2018	14:08	1	4	4	37,02	38,81	1,79	1	1	Habituation	Habituation
-900	10005	1	1	06.07.2018	14:08	1	5	5	38,81	40,05	1,24	1	1	Habituation	Habituation
-900	10005	1	1	06.07.2018	14:08	1	6	6	40,58	41,98	1,40	1	1	Habituation	Habituation
-900	10005	1	1	06.07.2018	14:08	1	7	7	43,50	45,31	1,81	1	1	Habituation	Habituation
-900	10005	1	1	06.07.2018	14:08	1	8	8	45,33	54,80	9,47	1	1	Habituation	Habituation
-900	10005	1	1	06.07.2018	14:08	1	9	9	54,89	57,18	2,29	1	1	Habituation	Habituation
-900	10005	1	1	06.07.2018	14:08	1	10	10	57,32	60,19	2,87	1	1	Habituation	Habituation
-900	10005	1	1	06.07.2018	14:08	1	11	11	60,19	61,57	1,38	1	1	Habituation	Habituation
-900	10005	1	1	06.07.2018	14:08	1	12	12	61,70	68,70	7,00	1	1	Habituation	Habituation
-900	10005	1	1	06.07.2018	14:08	1	13	13	68,70	69,32	0,62	1	1	Habituation	Habituation
-900	10005	1	1	06.07.2018	14:08	1	14	14	69,32	71,67	2,35	1	1	Habituation	Habituation
-900	10005	1	1	06.07.2018	14:08	1	15	15	71,70	175,46	103,76	1	1	Habituation	Habituation
-900	10005	1	1	06.07.2018	14:08	1	16	16	175,46	178,94	3,48	1	1	Habituation	Habituation
-900	10005	1	1	06.07.2018	14:08	1	17	17	178,94	180,00	1,06	1	1	Habituation	Habituation
-900	10005	1	1	06.07.2018	14:11	2	1	1	0,00	3,51	3,51	1	1	Habituation	Habituation
-900	10005	1	1	06.07.2018	14:11	2	2	2	3,51	4,26	0,75	1	1	Habituation	Habituation
-900	10005	1	1	06.07.2018	14:11	2	3	3	4,28	4,95	0,67	1	1	Habituation	Habituation
-900	10005	1	1	06.07.2018	14:11	2	4	4	4,95	5,61	0,66	1	1	Habituation	Habituation
-900	10005	1	1	06.07.2018	14:11	2	5	5	6,07	6,98	0,91	1	1	Habituation	Habituation
-900	10005	1	1	06.07.2018	14:11	2	6	6	7,06	10,56	3,50	1	1	Habituation	Habituation
-900	10005	1	1	06.07.2018	14:11	2	7	7	10,56	11,43	0,87	1	1	Habituation	Habituation
-900	10005	1	1	06.07.2018	14:11	2	8	8	11,56	13,74	2,18	1	1	Habituation	Habituation
-900	10005	1	1	06.07.2018	14:11	2	9	9	14,10	16,08	1,98	1	1	Habituation	Habituation
-900	10005	1	1	06.07.2018	14:11	2	10	10	16,08	22,25	6,17	1	1	Habituation	Habituation
-900	10005	1	1	06.07.2018	14:11	2	11	11	23,15	29,08	5,93	1	1	Habituation	Habituation
-900	10005	1	1	06.07.2018	14:11	2	12	12	29,08	32,14	3,06	1	1	Habituation	Habituation
-900	10005	1	1	06.07.2018	14:11	2	13	13	32,65	33,22	0,57	1	1	Habituation	Habituation
-900	10005	1	1	06.07.2018	14:11	2	14	14	33,66	36,08	2,42	1	1	Habituation	Habituation
-900	10005	1	1	06.07.2018	14:11	2	15	15	39,81	40,41	0,60	1	1	Habituation	Habituation
-900	10005	1	1	06.07.2018	14:11	2	16	16	42,13	42,76	0,63	1	1	Habituation	Habituation
-900	10005	1	1	06.07.2018	14:11	2	17	17	43,23	44,41	1,18	1	1	Habituation	Habituation
-900	10005	1	1	06.07.2018	14:11	2	18	18	49,08	50,30	1,22	1	1	Habituation	Habituation
-900	10005	1	1	06.07.2018	14:11	2	19	19	50,32	52,26	1,94	1	1	Habituation	Habituation
-900	10005	1	1	06.07.2018	14:11	2	20	20	55,10	56,13	1,03	1	1	Habituation	Habituation
-900	10005	1	1	06.07.2018	14:11	2	21	21	56,13	56,84	0,71	1	1	Habituation	Habituation
-900	10005	1	1	06.07.2018	14:11	2	22	22	62,24	62,95	0,71	1	1	Habituation	Habituation
-900	10005	1	1	06.07.2018	14:11	2	23	23	65,17	65,90	0,73	1	1	Habituation	Habituation
-900	10005	1	1	06.07.2018	14:11	2	24	24	69,56	70,21	0,65	1	1	Habituation	Habituation
-900	10005	1	1	06.07.2018	14:11	2	25	25	70,45	70,98	0,53	1	1	Habituation	Habituation
-900	10005	1	1	06.07.2018	14:11	2	26	26	73,31	73,84	0,53	1	1	Habituation	Habituation
-900	10005	1	1	06.07.2018	14:11	2	27	27	75,61	76,34	0,73	1	1	Habituation	Habituation
-900	10005	1	1	06.07.2018	14:11	2	28	28	78,03	79,10	1,07	1	1	Habituation	Habituation
-900	10005	1	1	06.07.2018	14:11	2	29	29	79,90	80,68	0,78	1	1	Habituation	Habituation
-900	10005	1	1	06.07.2018	14:11	2	30	30	81,19	81,76	0,57	1	1	Habituation	Habituation
-900	10005	1	1	06.07.2018	14:11	2	31	31	88,23	89,58	1,35	1	1	Habituation	Habituation
-900	10005	1	1	06.07.2018	14:11	2	32	32	90,32	91,44	1,12	1	1	Habituation	Habituation
-900	10005	1	1	06.07.2018	14:11	2	33	33	92,10	92,63	0,53	1	1	Habituation	Habituation
-900	10005	1	1	06.07.2018	14:11	2	34	34	93,20	96,50	3,30	1	1	Habituation	Habituation
-900	10005	1	1	06.07.2018	14:11	2	35	35	96,98	100,02	3,04	1	1	Habituation	Habituation
-900	10005	1	1	06.07.2018	14:11	2	36	36	100,02	100,57	0,55	1	1	Habituation	Habituation
-900	10005	1	1	06.07.2018	14:11	2	37	37	101,32	101,99	0,67	1	1	Habituation	Habituation
-900	10005	1	1	06.07.2018	14:11	2	38	38	102,81	103,70	0,89	1	1	Habituation	Habituation
-900	10005	1	1	06.07.2018	14:11	2	39	39	105,65	106,21	0,56	1	1	Habituation	Habituation
-900	10005	1	1	06.07.2018	14:11	2	40	40	106,51	107,22	0,71	1	1	Habituation	Habituation
-900	10005	1	1	06.07.2018	14:11	2	41	41	107,95	108,52	0,57	1	1	Habituation	Habituation
-900	10005	1	1	06.07.2018	14:11	2	42	42	108,78	109,55	0,77	1	1	Habituation	Habituation
-900	10005	1	1	06.07.2018	14:11	2	43	43	109,64	110,19	0,55	1	1	Habituation	Habituation
-900	10005	1	1	06.07.2018	14:11	2	44	44	113,60	114,61	1,01	1	1	Habituation	Habituation
-900	10005	1	1	06.07.2018	14:11	2	45	45	115,68	116,21	0,53	1	1	Habituation	Habituation
-900	10005	1	1	06.07.2018	14:11	2	46	46	117,37	118,52	1,15	1	1	Habituation	Habituation
-900	10005	1	1	06.07.2018	14:11	2	47	47	119,99	121,54	1,55	1	1	Habituation	Habituation
-900	10005	1	1	06.07.2018	14:11	2	48	48	122,16	123,23	1,07	1	1	Habituation	Habituation
-900	10005	1	1	06.07.2018	14:11	2	49	49	123,71	124,74	1,03	1	1	Habituation	Habituation
-900	10005	1	1	06.07.2018	14:11	2	50	50	129,06	129,64	0,58	1	1	Habituation	Habituation
-900	10005	1	1	06.07.2018	14:11	2	51	51	129,64	130,32	0,68	1	1	Habituation	Habituation
-900	10005	1	1	06.07.2018	14:11	2	52	52	133,84	134,62	0,78	1	1	Habituation	Habituation
-900	10005	1	1	06.07.2018	14:11	2	53	53	138,92	139,50	0,58	1	1	Habituation	Habituation
-900	10005	1	1	06.07.2018	14:11	2	54	54	140,04	142,19	2,15	1	1	Habituation	Habituation
-900	10005	1	1	06.07.2018	14:11	2	55	55	143,31	143,84	0,53	1	1	Habituation	Habituation
-900	10005	1	1	06.07.2018	14:11	2	56	56	150,33	151,13	0,80	1	1	Habituation	Habituation
-900	10005	1	1	06.07.2018	14:11	2	57	57	152,01	152,58	0,57	1	1	Habituation	Habituation
-900	10005	1	1	06.07.2018	14:11	2	58	58	152,69	153,49	0,80	1	1	Habituation	Habituation
-900	10005	1	1	06.07.2018	14:11	2	59	59	153,83	154,80	0,97	1	1	Habituation	Habituation
-900	10005	1	1	06.07.2018	14:11	2	60	60	157,10	159,12	2,02	1	1	Habituation	Habituation
-900	10005	1	1	06.07.2018	14:11	2	61	61	161,02	162,27	1,25	1	1	Habituation	Habituation
-900	10005	1	1	06.07.2018	14:11	2	62	62	162,98	164,90	1,92	1	1	Habituation	Habituation
-900	10005	1	1	06.07.2018	14:11	2	63	63	165,06	168,02	2,96	1	1	Habituation	Habituation
-900	10005	1	1	06.07.2018	14:11	2	64	64	168,81	170,83	2,02	1	1	Habituation	Habituation
-900	10005	1	1	06.07.2018	14:11	2	65	65	170,92	171,43	0,51	1	1	Habituation	Habituation
-900	10005	1	1	06.07.2018	14:11	2	66	66	171,43	172,07	0,64	1	1	Habituation	Habituation
-900	10005	1	1	06.07.2018	14:11	2	67	67	172,13	173,94	1,81	1	1	Habituation	Habituation
-900	10005	1	1	06.07.2018	14:11	2	68	68	176,04	177,00	0,96	1	1	Habituation	Habituation
-900	10005	1	1	06.07.2018	14:11	2	69	69	177,41	178,06	0,65	1	1	Habituation	Habituation
-900	10005	1	1	06.07.2018	14:11	2	70	70	178,08	179,16	1,08	1	1	Habituation	Habituation
-900	10005	1	1	06.07.2018	14:11	2	71	71	179,43	180,00	0,57	1	1	Habituation	Habituation
-900	10005	1	1	06.07.2018	14:15	3	1	1	0,34	1,23	0,89	1	1	Habituation	Habituation
-900	10005	1	1	06.07.2018	14:15	3	2	2	2,03	2,60	0,57	1	1	Habituation	Habituation
-900	10005	1	1	06.07.2018	14:15	3	3	3	11,65	12,29	0,64	1	1	Habituation	Habituation
-900	10005	1	1	06.07.2018	14:15	3	4	4	14,14	14,94	0,80	1	1	Habituation	Habituation
-900	10005	1	1	06.07.2018	14:15	3	5	5	18,63	19,20	0,57	1	1	Habituation	Habituation
-900	10005	1	1	06.07.2018	14:15	3	6	6	19,43	22,62	3,19	1	1	Habituation	Habituation
-900	10005	1	1	06.07.2018	14:15	3	7	7	23,13	23,74	0,61	1	1	Habituation	Habituation
-900	10005	1	1	06.07.2018	14:15	3	8	8	23,75	24,66	0,91	1	1	Habituation	Habituation
-900	10005	1	1	06.07.2018	14:15	3	9	9	27,36	28,63	1,27	1	1	Habituation	Habituation
-900	10005	1	1	06.07.2018	14:15	3	10	10	30,40	31,36	0,96	1	1	Habituation	Habituation
-900	10005	1	1	06.07.2018	14:15	3	11	11	32,25	33,03	0,78	1	1	Habituation	Habituation
-900	10005	1	1	06.07.2018	14:15	3	12	12	34,67	35,63	0,96	1	1	Habituation	Habituation
-900	10005	1	1	06.07.2018	14:15	3	13	13	35,63	36,18	0,55	1	1	Habituation	Habituation
-900	10005	1	1	06.07.2018	14:15	3	14	14	39,49	40,25	0,76	1	1	Habituation	Habituation
-900	10005	1	1	06.07.2018	14:15	3	15	15	42,86	47,13	4,27	1	1	Habituation	Habituation
-900	10005	1	1	06.07.2018	14:15	3	16	16	52,84	53,96	1,12	1	1	Habituation	Habituation
-900	10005	1	1	06.07.2018	14:15	3	17	17	53,98	54,99	1,01	1	1	Habituation	Habituation
-900	10005	1	1	06.07.2018	14:15	3	18	18	55,06	56,18	1,12	1	1	Habituation	Habituation
-900	10005	1	1	06.07.2018	14:15	3	19	19	57,62	58,88	1,26	1	1	Habituation	Habituation
-900	10005	1	1	06.07.2018	14:15	3	20	20	61,34	62,12	0,78	1	1	Habituation	Habituation
-900	10005	1	1	06.07.2018	14:15	3	21	21	62,78	63,41	0,63	1	1	Habituation	Habituation
-900	10005	1	1	06.07.2018	14:15	3	22	22	63,41	70,01	6,60	1	1	Habituation	Habituation
-900	10005	1	1	06.07.2018	14:15	3	23	23	70,30	71,50	1,20	1	1	Habituation	Habituation
-900	10005	1	1	06.07.2018	14:15	3	24	24	71,50	73,82	2,32	1	1	Habituation	Habituation
-900	10005	1	1	06.07.2018	14:15	3	25	25	73,82	75,13	1,31	1	1	Habituation	Habituation
-900	10005	1	1	06.07.2018	14:15	3	26	26	75,58	76,31	0,73	1	1	Habituation	Habituation
-900	10005	1	1	06.07.2018	14:15	3	27	27	79,90	82,42	2,52	1	1	Habituation	Habituation
-900	10005	1	1	06.07.2018	14:15	3	28	28	82,74	83,45	0,71	1	1	Habituation	Habituation
-900	10005	1	1	06.07.2018	14:15	3	29	29	83,45	84,04	0,59	1	1	Habituation	Habituation
-900	10005	1	1	06.07.2018	14:15	3	30	30	84,34	92,64	8,30	1	1	Habituation	Habituation
-900	10005	1	1	06.07.2018	14:15	3	31	31	92,68	99,79	7,11	1	1	Habituation	Habituation
-900	10005	1	1	06.07.2018	14:15	3	32	32	100,04	102,53	2,49	1	1	Habituation	Habituation
-900	10005	1	1	06.07.2018	14:15	3	33	33	102,53	103,43	0,90	1	1	Habituation	Habituation
-900	10005	1	1	06.07.2018	14:15	3	34	34	103,43	113,07	9,64	1	1	Habituation	Habituation
-900	10005	1	1	06.07.2018	14:15	3	35	35	113,09	114,30	1,21	1	1	Habituation	Habituation
-900	10005	1	1	06.07.2018	14:15	3	36	36	114,30	119,79	5,49	1	1	Habituation	Habituation
-900	10005	1	1	06.07.2018	14:15	3	37	37	120,02	120,93	0,91	1	1	Habituation	Habituation
-900	10005	1	1	06.07.2018	14:15	3	38	38	120,95	121,73	0,78	1	1	Habituation	Habituation
-900	10005	1	1	06.07.2018	14:15	3	39	39	121,75	125,02	3,27	1	1	Habituation	Habituation
-900	10005	1	1	06.07.2018	14:15	3	40	40	125,14	132,01	6,87	1	1	Habituation	Habituation
-900	10005	1	1	06.07.2018	14:15	3	41	41	132,01	132,93	0,92	1	1	Habituation	Habituation
-900	10005	1	1	06.07.2018	14:15	3	42	42	132,93	133,82	0,89	1	1	Habituation	Habituation
-900	10005	1	1	06.07.2018	14:15	3	43	43	133,84	134,62	0,78	1	1	Habituation	Habituation
-900	10005	1	1	06.07.2018	14:15	3	44	44	134,64	140,13	5,49	1	1	Habituation	Habituation
-900	10005	1	1	06.07.2018	14:15	3	45	45	140,13	147,60	7,47	1	1	Habituation	Habituation
-900	10005	1	1	06.07.2018	14:15	3	46	46	147,62	170,87	23,25	1	1	Habituation	Habituation
-900	10005	1	1	06.07.2018	14:15	3	47	47	170,89	172,67	1,78	1	1	Habituation	Habituation
-900	10005	1	1	06.07.2018	14:15	3	48	48	172,67	173,65	0,98	1	1	Habituation	Habituation
-900	10005	1	1	06.07.2018	14:15	3	49	49	176,76	177,34	0,58	1	1	Habituation	Habituation
-900	10005	1	1	06.07.2018	14:15	3	50	50	177,36	179,92	2,56	1	1	Habituation	Habituation
-900	10006	1	1	06.07.2018	14:20	1	1	1	0,00	36,88	36,88	1	1	Habituation	Habituation
-900	10006	1	1	06.07.2018	14:20	1	2	2	37,18	39,01	1,83	1	1	Habituation	Habituation
-900	10006	1	1	06.07.2018	14:20	1	3	3	39,01	39,60	0,59	1	1	Habituation	Habituation
-900	10006	1	1	06.07.2018	14:20	1	4	4	39,62	40,65	1,03	1	1	Habituation	Habituation
-900	10006	1	1	06.07.2018	14:20	1	5	5	40,99	44,47	3,48	1	1	Habituation	Habituation
-900	10006	1	1	06.07.2018	14:20	1	6	6	44,47	45,93	1,46	1	1	Habituation	Habituation
-900	10006	1	1	06.07.2018	14:20	1	7	7	46,34	48,38	2,04	1	1	Habituation	Habituation
-900	10006	1	1	06.07.2018	14:20	1	8	8	48,38	57,92	9,54	1	1	Habituation	Habituation
-900	10006	1	1	06.07.2018	14:20	1	9	9	58,13	64,01	5,88	1	1	Habituation	Habituation
-900	10006	1	1	06.07.2018	14:20	1	10	10	64,33	65,31	0,98	1	1	Habituation	Habituation
-900	10006	1	1	06.07.2018	14:20	1	11	11	65,31	66,38	1,07	1	1	Habituation	Habituation
-900	10006	1	1	06.07.2018	14:20	1	12	12	66,70	67,27	0,57	1	1	Habituation	Habituation
-900	10006	1	1	06.07.2018	14:20	1	13	13	67,43	68,37	0,94	1	1	Habituation	Habituation
-900	10006	1	1	06.07.2018	14:20	1	14	14	69,12	72,01	2,89	1	1	Habituation	Habituation
-900	10006	1	1	06.07.2018	14:20	1	15	15	72,44	74,47	2,03	1	1	Habituation	Habituation
-900	10006	1	1	06.07.2018	14:20	1	16	16	74,52	76,85	2,33	1	1	Habituation	Habituation
-900	10006	1	1	06.07.2018	14:20	1	17	17	76,85	77,88	1,03	1	1	Habituation	Habituation
-900	10006	1	1	06.07.2018	14:20	1	18	18	78,54	90,03	11,49	1	1	Habituation	Habituation
-900	10006	1	1	06.07.2018	14:20	1	19	19	90,03	91,68	1,65	1	1	Habituation	Habituation
-900	10006	1	1	06.07.2018	14:20	1	20	20	91,68	92,46	0,78	1	1	Habituation	Habituation
-900	10006	1	1	06.07.2018	14:20	1	21	21	92,46	93,33	0,87	1	1	Habituation	Habituation
-900	10006	1	1	06.07.2018	14:20	1	22	22	93,33	104,34	11,01	1	1	Habituation	Habituation
-900	10006	1	1	06.07.2018	14:20	1	23	23	104,38	139,69	35,31	1	1	Habituation	Habituation
-900	10006	1	1	06.07.2018	14:20	1	24	24	139,89	141,52	1,63	1	1	Habituation	Habituation
-900	10006	1	1	06.07.2018	14:20	1	25	25	141,77	146,07	4,30	1	1	Habituation	Habituation
-900	10006	1	1	06.07.2018	14:20	1	26	26	146,34	180,00	33,66	1	1	Habituation	Habituation
-900	10006	1	1	06.07.2018	14:23	2	1	1	0,00	2,88	2,88	1	1	Habituation	Habituation
-900	10006	1	1	06.07.2018	14:23	2	2	2	2,88	4,29	1,41	1	1	Habituation	Habituation
-900	10006	1	1	06.07.2018	14:23	2	3	3	4,29	28,45	24,16	1	1	Habituation	Habituation
-900	10006	1	1	06.07.2018	14:23	2	4	4	28,45	29,16	0,71	1	1	Habituation	Habituation
-900	10006	1	1	06.07.2018	14:23	2	5	5	29,16	34,02	4,86	1	1	Habituation	Habituation
-900	10006	1	1	06.07.2018	14:23	2	6	6	34,25	35,64	1,39	1	1	Habituation	Habituation
-900	10006	1	1	06.07.2018	14:23	2	7	7	39,19	40,38	1,19	1	1	Habituation	Habituation
-900	10006	1	1	06.07.2018	14:23	2	8	8	40,38	40,97	0,59	1	1	Habituation	Habituation
-900	10006	1	1	06.07.2018	14:23	2	9	9	41,50	42,34	0,84	1	1	Habituation	Habituation
-900	10006	1	1	06.07.2018	14:23	2	10	10	44,37	45,20	0,83	1	1	Habituation	Habituation
-900	10006	1	1	06.07.2018	14:23	2	11	11	46,86	47,39	0,53	1	1	Habituation	Habituation
-900	10006	1	1	06.07.2018	14:23	2	12	12	54,45	55,78	1,33	1	1	Habituation	Habituation
-900	10006	1	1	06.07.2018	14:23	2	13	13	57,24	57,76	0,52	1	1	Habituation	Habituation
-900	10006	1	1	06.07.2018	14:23	2	14	14	57,83	58,77	0,94	1	1	Habituation	Habituation
-900	10006	1	1	06.07.2018	14:23	2	15	15	61,19	61,81	0,62	1	1	Habituation	Habituation
-900	10006	1	1	06.07.2018	14:23	2	16	16	62,48	63,30	0,82	1	1	Habituation	Habituation
-900	10006	1	1	06.07.2018	14:23	2	17	17	63,93	64,51	0,58	1	1	Habituation	Habituation
-900	10006	1	1	06.07.2018	14:23	2	18	18	69,85	71,18	1,33	1	1	Habituation	Habituation
-900	10006	1	1	06.07.2018	14:23	2	19	19	72,94	73,60	0,66	1	1	Habituation	Habituation
-900	10006	1	1	06.07.2018	14:23	2	20	20	76,02	76,73	0,71	1	1	Habituation	Habituation
-900	10006	1	1	06.07.2018	14:23	2	21	21	77,19	79,80	2,61	1	1	Habituation	Habituation
-900	10006	1	1	06.07.2018	14:23	2	22	22	82,59	83,48	0,89	1	1	Habituation	Habituation
-900	10006	1	1	06.07.2018	14:23	2	23	23	87,50	88,11	0,61	1	1	Habituation	Habituation
-900	10006	1	1	06.07.2018	14:23	2	24	24	88,55	89,17	0,62	1	1	Habituation	Habituation
-900	10006	1	1	06.07.2018	14:23	2	25	25	90,60	91,56	0,96	1	1	Habituation	Habituation
-900	10006	1	1	06.07.2018	14:23	2	26	26	93,69	94,90	1,21	1	1	Habituation	Habituation
-900	10006	1	1	06.07.2018	14:23	2	27	27	95,61	96,23	0,62	1	1	Habituation	Habituation
-900	10006	1	1	06.07.2018	14:23	2	28	28	97,10	99,84	2,74	1	1	Habituation	Habituation
-900	10006	1	1	06.07.2018	14:23	2	29	29	100,69	101,71	1,02	1	1	Habituation	Habituation
-900	10006	1	1	06.07.2018	14:23	2	30	30	102,31	103,01	0,70	1	1	Habituation	Habituation
-900	10006	1	1	06.07.2018	14:23	2	31	31	107,88	111,95	4,07	1	1	Habituation	Habituation
-900	10006	1	1	06.07.2018	14:23	2	32	32	112,86	113,50	0,64	1	1	Habituation	Habituation
-900	10006	1	1	06.07.2018	14:23	2	33	33	114,72	115,90	1,18	1	1	Habituation	Habituation
-900	10006	1	1	06.07.2018	14:23	2	34	34	116,02	117,28	1,26	1	1	Habituation	Habituation
-900	10006	1	1	06.07.2018	14:23	2	35	35	117,28	118,71	1,43	1	1	Habituation	Habituation
-900	10006	1	1	06.07.2018	14:23	2	36	36	119,40	121,78	2,38	1	1	Habituation	Habituation
-900	10006	1	1	06.07.2018	14:23	2	37	37	128,02	129,89	1,87	1	1	Habituation	Habituation
-900	10006	1	1	06.07.2018	14:23	2	38	38	129,89	130,44	0,55	1	1	Habituation	Habituation
-900	10006	1	1	06.07.2018	14:23	2	39	39	130,44	130,96	0,52	1	1	Habituation	Habituation
-900	10006	1	1	06.07.2018	14:23	2	40	40	135,14	139,23	4,09	1	1	Habituation	Habituation
-900	10006	1	1	06.07.2018	14:23	2	41	41	142,16	142,73	0,57	1	1	Habituation	Habituation
-900	10006	1	1	06.07.2018	14:23	2	42	42	143,64	144,76	1,12	1	1	Habituation	Habituation
-900	10006	1	1	06.07.2018	14:23	2	43	43	144,77	145,98	1,21	1	1	Habituation	Habituation
-900	10006	1	1	06.07.2018	14:23	2	44	44	146,00	146,62	0,62	1	1	Habituation	Habituation
-900	10006	1	1	06.07.2018	14:23	2	45	45	148,22	155,35	7,13	1	1	Habituation	Habituation
-900	10006	1	1	06.07.2018	14:23	2	46	46	156,79	157,31	0,52	1	1	Habituation	Habituation
-900	10006	1	1	06.07.2018	14:23	2	47	47	159,85	160,49	0,64	1	1	Habituation	Habituation
-900	10006	1	1	06.07.2018	14:23	2	48	48	161,85	163,57	1,72	1	1	Habituation	Habituation
-900	10006	1	1	06.07.2018	14:23	2	49	49	164,58	165,42	0,84	1	1	Habituation	Habituation
-900	10006	1	1	06.07.2018	14:23	2	50	50	165,44	167,57	2,13	1	1	Habituation	Habituation
-900	10006	1	1	06.07.2018	14:23	2	51	51	167,73	168,36	0,63	1	1	Habituation	Habituation
-900	10006	1	1	06.07.2018	14:23	2	52	52	168,36	168,93	0,57	1	1	Habituation	Habituation
-900	10006	1	1	06.07.2018	14:23	2	53	53	168,93	170,24	1,31	1	1	Habituation	Habituation
-900	10006	1	1	06.07.2018	14:23	2	54	54	176,64	179,61	2,97	1	1	Habituation	Habituation
-900	10006	1	1	06.07.2018	14:27	3	1	1	0,00	3,55	3,55	1	1	Habituation	Habituation
-900	10006	1	1	06.07.2018	14:27	3	2	2	6,06	6,73	0,67	1	1	Habituation	Habituation
-900	10006	1	1	06.07.2018	14:27	3	3	3	7,21	7,85	0,64	1	1	Habituation	Habituation
-900	10006	1	1	06.07.2018	14:27	3	4	4	8,81	9,86	1,05	1	1	Habituation	Habituation
-900	10006	1	1	06.07.2018	14:27	3	5	5	12,50	13,28	0,78	1	1	Habituation	Habituation
-900	10006	1	1	06.07.2018	14:27	3	6	6	14,44	15,70	1,26	1	1	Habituation	Habituation
-900	10006	1	1	06.07.2018	14:27	3	7	7	17,48	18,83	1,35	1	1	Habituation	Habituation
-900	10006	1	1	06.07.2018	14:27	3	8	8	20,08	21,98	1,90	1	1	Habituation	Habituation
-900	10006	1	1	06.07.2018	14:27	3	9	9	21,98	23,16	1,18	1	1	Habituation	Habituation
-900	10006	1	1	06.07.2018	14:27	3	10	10	23,49	26,57	3,08	1	1	Habituation	Habituation
-900	10006	1	1	06.07.2018	14:27	3	11	11	27,20	27,87	0,67	1	1	Habituation	Habituation
-900	10006	1	1	06.07.2018	14:27	3	12	12	31,84	33,64	1,80	1	1	Habituation	Habituation
-900	10006	1	1	06.07.2018	14:27	3	13	13	37,91	38,48	0,57	1	1	Habituation	Habituation
-900	10006	1	1	06.07.2018	14:27	3	14	14	38,48	38,99	0,51	1	1	Habituation	Habituation
-900	10006	1	1	06.07.2018	14:27	3	15	15	40,86	43,67	2,81	1	1	Habituation	Habituation
-900	10006	1	1	06.07.2018	14:27	3	16	16	45,11	46,27	1,16	1	1	Habituation	Habituation
-900	10006	1	1	06.07.2018	14:27	3	17	17	46,39	50,54	4,15	1	1	Habituation	Habituation
-900	10006	1	1	06.07.2018	14:27	3	18	18	50,54	51,28	0,74	1	1	Habituation	Habituation
-900	10006	1	1	06.07.2018	14:27	3	19	19	51,28	56,85	5,57	1	1	Habituation	Habituation
-900	10006	1	1	06.07.2018	14:27	3	20	20	59,02	63,86	4,84	1	1	Habituation	Habituation
-900	10006	1	1	06.07.2018	14:27	3	21	21	64,27	65,34	1,07	1	1	Habituation	Habituation
-900	10006	1	1	06.07.2018	14:27	3	22	22	65,36	67,21	1,85	1	1	Habituation	Habituation
-900	10006	1	1	06.07.2018	14:27	3	23	23	69,09	75,41	6,32	1	1	Habituation	Habituation
-900	10006	1	1	06.07.2018	14:27	3	24	24	75,41	76,03	0,62	1	1	Habituation	Habituation
-900	10006	1	1	06.07.2018	14:27	3	25	25	76,35	77,78	1,43	1	1	Habituation	Habituation
-900	10006	1	1	06.07.2018	14:27	3	26	26	77,81	79,86	2,05	1	1	Habituation	Habituation
-900	10006	1	1	06.07.2018	14:27	3	27	27	79,95	80,61	0,66	1	1	Habituation	Habituation
-900	10006	1	1	06.07.2018	14:27	3	28	28	80,62	83,28	2,66	1	1	Habituation	Habituation
-900	10006	1	1	06.07.2018	14:27	3	29	29	83,33	84,57	1,24	1	1	Habituation	Habituation
-900	10006	1	1	06.07.2018	14:27	3	30	30	84,59	86,39	1,80	1	1	Habituation	Habituation
-900	10006	1	1	06.07.2018	14:27	3	31	31	86,44	89,22	2,78	1	1	Habituation	Habituation
-900	10006	1	1	06.07.2018	14:27	3	32	32	89,57	97,60	8,03	1	1	Habituation	Habituation
-900	10006	1	1	06.07.2018	14:27	3	33	33	97,60	99,34	1,74	1	1	Habituation	Habituation
-900	10006	1	1	06.07.2018	14:27	3	34	34	99,59	103,86	4,27	1	1	Habituation	Habituation
-900	10006	1	1	06.07.2018	14:27	3	35	35	104,32	107,74	3,42	1	1	Habituation	Habituation
-900	10006	1	1	06.07.2018	14:27	3	36	36	107,81	113,41	5,60	1	1	Habituation	Habituation
-900	10006	1	1	06.07.2018	14:27	3	37	37	113,43	114,48	1,05	1	1	Habituation	Habituation
-900	10006	1	1	06.07.2018	14:27	3	38	38	114,48	134,82	20,34	1	1	Habituation	Habituation
-900	10006	1	1	06.07.2018	14:27	3	39	39	134,82	157,52	22,70	1	1	Habituation	Habituation
-900	10006	1	1	06.07.2018	14:27	3	40	40	157,57	158,99	1,42	1	1	Habituation	Habituation
-900	10006	1	1	06.07.2018	14:27	3	41	41	159,14	160,77	1,63	1	1	Habituation	Habituation
-900	10006	1	1	06.07.2018	14:27	3	42	42	161,43	180,00	18,57	1	1	Habituation	Habituation
