-110	23														
-120	Animal	Exp	Trial	Date	Time	Phase	Fre No. Phase	Fre No. Part	Time from [s]	Time to [s]	Dur. [s]	Part No. Start	Part No. End	Name Start	Name End
-130	3	3	3	1	1	3	3	3	2	2	2	3	3	1	1
-900	10005	1	1	06.06.2018	13:26	1	1	1	0,00	2,16	2,16	1	1	Habituation	Habituation
-900	10005	1	1	06.06.2018	13:26	1	2	2	2,68	3,69	1,01	1	1	Habituation	Habituation
-900	10005	1	1	06.06.2018	13:26	1	3	3	4,42	5,69	1,27	1	1	Habituation	Habituation
-900	10005	1	1	06.06.2018	13:26	1	4	4	5,71	6,44	0,73	1	1	Habituation	Habituation
-900	10005	1	1	06.06.2018	13:26	1	5	5	7,00	9,34	2,34	1	1	Habituation	Habituation
-900	10005	1	1	06.06.2018	13:26	1	6	6	9,43	10,62	1,19	1	1	Habituation	Habituation
-900	10005	1	1	06.06.2018	13:26	1	7	7	11,03	11,96	0,93	1	1	Habituation	Habituation
-900	10005	1	1	06.06.2018	13:26	1	8	8	11,99	17,88	5,89	1	1	Habituation	Habituation
-900	10005	1	1	06.06.2018	13:26	1	9	9	18,24	19,92	1,68	1	1	Habituation	Habituation
-900	10005	1	1	06.06.2018	13:26	1	10	10	20,69	21,54	0,85	1	1	Habituation	Habituation
-900	10005	1	1	06.06.2018	13:26	1	11	11	22,09	22,82	0,73	1	1	Habituation	Habituation
-900	10005	1	1	06.06.2018	13:26	1	12	12	23,36	24,58	1,22	1	1	Habituation	Habituation
-900	10005	1	1	06.06.2018	13:26	1	13	13	25,49	28,89	3,40	1	1	Habituation	Habituation
-900	10005	1	1	06.06.2018	13:26	1	14	14	29,47	30,36	0,89	1	1	Habituation	Habituation
-900	10005	1	1	06.06.2018	13:26	1	15	15	30,47	32,94	2,47	1	1	Habituation	Habituation
-900	10005	1	1	06.06.2018	13:26	1	16	16	33,06	35,19	2,13	1	1	Habituation	Habituation
-900	10005	1	1	06.06.2018	13:26	1	17	17	35,89	37,66	1,77	1	1	Habituation	Habituation
-900	10005	1	1	06.06.2018	13:26	1	18	18	37,95	38,85	0,90	1	1	Habituation	Habituation
-900	10005	1	1	06.06.2018	13:26	1	19	19	39,03	43,59	4,56	1	1	Habituation	Habituation
-900	10005	1	1	06.06.2018	13:26	1	20	20	43,66	44,32	0,66	1	1	Habituation	Habituation
-900	10005	1	1	06.06.2018	13:26	1	21	21	44,36	44,90	0,54	1	1	Habituation	Habituation
-900	10005	1	1	06.06.2018	13:26	1	22	22	45,06	45,65	0,59	1	1	Habituation	Habituation
-900	10005	1	1	06.06.2018	13:26	1	23	23	45,68	46,22	0,54	1	1	Habituation	Habituation
-900	10005	1	1	06.06.2018	13:26	1	24	24	46,24	46,83	0,59	1	1	Habituation	Habituation
-900	10005	1	1	06.06.2018	13:26	1	25	25	46,83	48,57	1,74	1	1	Habituation	Habituation
-900	10005	1	1	06.06.2018	13:26	1	26	26	48,58	49,66	1,08	1	1	Habituation	Habituation
-900	10005	1	1	06.06.2018	13:26	1	27	27	49,98	50,77	0,79	1	1	Habituation	Habituation
-900	10005	1	1	06.06.2018	13:26	1	28	28	51,09	59,61	8,52	1	1	Habituation	Habituation
-900	10005	1	1	06.06.2018	13:26	1	29	29	59,97	60,52	0,55	1	1	Habituation	Habituation
-900	10005	1	1	06.06.2018	13:26	1	30	30	61,74	66,47	4,73	1	1	Habituation	Habituation
-900	10005	1	1	06.06.2018	13:26	1	31	31	66,56	67,09	0,53	1	1	Habituation	Habituation
-900	10005	1	1	06.06.2018	13:26	1	32	32	68,18	69,47	1,29	1	1	Habituation	Habituation
-900	10005	1	1	06.06.2018	13:26	1	33	33	70,26	74,66	4,40	1	1	Habituation	Habituation
-900	10005	1	1	06.06.2018	13:26	1	34	34	74,68	77,15	2,47	1	1	Habituation	Habituation
-900	10005	1	1	06.06.2018	13:26	1	35	35	77,42	78,05	0,63	1	1	Habituation	Habituation
-900	10005	1	1	06.06.2018	13:26	1	36	36	78,62	79,85	1,23	1	1	Habituation	Habituation
-900	10005	1	1	06.06.2018	13:26	1	37	37	81,00	82,74	1,74	1	1	Habituation	Habituation
-900	10005	1	1	06.06.2018	13:26	1	38	38	82,77	85,40	2,63	1	1	Habituation	Habituation
-900	10005	1	1	06.06.2018	13:26	1	39	39	85,80	86,37	0,57	1	1	Habituation	Habituation
-900	10005	1	1	06.06.2018	13:26	1	40	40	86,40	87,59	1,19	1	1	Habituation	Habituation
-900	10005	1	1	06.06.2018	13:26	1	41	41	87,87	88,43	0,56	1	1	Habituation	Habituation
-900	10005	1	1	06.06.2018	13:26	1	42	42	88,43	89,20	0,77	1	1	Habituation	Habituation
-900	10005	1	1	06.06.2018	13:26	1	43	43	89,61	90,27	0,66	1	1	Habituation	Habituation
-900	10005	1	1	06.06.2018	13:26	1	44	44	91,34	91,86	0,52	1	1	Habituation	Habituation
-900	10005	1	1	06.06.2018	13:26	1	45	45	92,26	93,53	1,27	1	1	Habituation	Habituation
-900	10005	1	1	06.06.2018	13:26	1	46	46	95,19	97,13	1,94	1	1	Habituation	Habituation
-900	10005	1	1	06.06.2018	13:26	1	47	47	97,34	97,95	0,61	1	1	Habituation	Habituation
-900	10005	1	1	06.06.2018	13:26	1	48	48	97,95	98,75	0,80	1	1	Habituation	Habituation
-900	10005	1	1	06.06.2018	13:26	1	49	49	98,97	99,56	0,59	1	1	Habituation	Habituation
-900	10005	1	1	06.06.2018	13:26	1	50	50	100,19	107,51	7,32	1	1	Habituation	Habituation
-900	10005	1	1	06.06.2018	13:26	1	51	51	107,88	110,10	2,22	1	1	Habituation	Habituation
-900	10005	1	1	06.06.2018	13:26	1	52	52	110,10	113,97	3,87	1	1	Habituation	Habituation
-900	10005	1	1	06.06.2018	13:26	1	53	53	114,43	116,10	1,67	1	1	Habituation	Habituation
-900	10005	1	1	06.06.2018	13:26	1	54	54	116,65	117,37	0,72	1	1	Habituation	Habituation
-900	10005	1	1	06.06.2018	13:26	1	55	55	117,74	118,39	0,65	1	1	Habituation	Habituation
-900	10005	1	1	06.06.2018	13:26	1	56	56	118,53	119,26	0,73	1	1	Habituation	Habituation
-900	10005	1	1	06.06.2018	13:26	1	57	57	119,80	130,20	10,40	1	1	Habituation	Habituation
-900	10005	1	1	06.06.2018	13:26	1	58	58	130,41	130,95	0,54	1	1	Habituation	Habituation
-900	10005	1	1	06.06.2018	13:26	1	59	59	131,59	132,43	0,84	1	1	Habituation	Habituation
-900	10005	1	1	06.06.2018	13:26	1	60	60	132,70	134,28	1,58	1	1	Habituation	Habituation
-900	10005	1	1	06.06.2018	13:26	1	61	61	134,28	134,92	0,64	1	1	Habituation	Habituation
-900	10005	1	1	06.06.2018	13:26	1	62	62	135,66	136,50	0,84	1	1	Habituation	Habituation
-900	10005	1	1	06.06.2018	13:26	1	63	63	137,00	138,50	1,50	1	1	Habituation	Habituation
-900	10005	1	1	06.06.2018	13:26	1	64	64	139,88	141,26	1,38	1	1	Habituation	Habituation
-900	10005	1	1	06.06.2018	13:26	1	65	65	141,28	141,87	0,59	1	1	Habituation	Habituation
-900	10005	1	1	06.06.2018	13:26	1	66	66	142,69	143,46	0,77	1	1	Habituation	Habituation
-900	10005	1	1	06.06.2018	13:26	1	67	67	144,08	144,75	0,67	1	1	Habituation	Habituation
-900	10005	1	1	06.06.2018	13:26	1	68	68	144,75	145,86	1,11	1	1	Habituation	Habituation
-900	10005	1	1	06.06.2018	13:26	1	69	69	145,95	146,77	0,82	1	1	Habituation	Habituation
-900	10005	1	1	06.06.2018	13:26	1	70	70	146,77	147,31	0,54	1	1	Habituation	Habituation
-900	10005	1	1	06.06.2018	13:26	1	71	71	147,66	148,31	0,65	1	1	Habituation	Habituation
-900	10005	1	1	06.06.2018	13:26	1	72	72	149,40	151,74	2,34	1	1	Habituation	Habituation
-900	10005	1	1	06.06.2018	13:26	1	73	73	152,51	153,32	0,81	1	1	Habituation	Habituation
-900	10005	1	1	06.06.2018	13:26	1	74	74	153,32	154,89	1,57	1	1	Habituation	Habituation
-900	10005	1	1	06.06.2018	13:26	1	75	75	155,27	156,38	1,11	1	1	Habituation	Habituation
-900	10005	1	1	06.06.2018	13:26	1	76	76	157,36	158,29	0,93	1	1	Habituation	Habituation
-900	10005	1	1	06.06.2018	13:26	1	77	77	158,29	159,44	1,15	1	1	Habituation	Habituation
-900	10005	1	1	06.06.2018	13:26	1	78	78	159,46	160,37	0,91	1	1	Habituation	Habituation
-900	10005	1	1	06.06.2018	13:26	1	79	79	160,53	161,91	1,38	1	1	Habituation	Habituation
-900	10005	1	1	06.06.2018	13:26	1	80	80	161,96	162,50	0,54	1	1	Habituation	Habituation
-900	10005	1	1	06.06.2018	13:26	1	81	81	162,52	164,74	2,22	1	1	Habituation	Habituation
-900	10005	1	1	06.06.2018	13:26	1	82	82	165,31	166,51	1,20	1	1	Habituation	Habituation
-900	10005	1	1	06.06.2018	13:26	1	83	83	166,61	167,28	0,67	1	1	Habituation	Habituation
-900	10005	1	1	06.06.2018	13:26	1	84	84	167,99	174,51	6,52	1	1	Habituation	Habituation
-900	10005	1	1	06.06.2018	13:26	1	85	85	175,58	176,21	0,63	1	1	Habituation	Habituation
-900	10005	1	1	06.06.2018	13:26	1	86	86	177,74	178,87	1,13	1	1	Habituation	Habituation
-900	10005	1	1	06.06.2018	13:26	1	87	87	178,89	179,99	1,10	1	1	Habituation	Habituation
-900	10005	1	1	06.06.2018	13:30	2	1	1	0,00	1,29	1,29	1	1	Habituation	Habituation
-900	10005	1	1	06.06.2018	13:30	2	2	2	1,31	3,03	1,72	1	1	Habituation	Habituation
-900	10005	1	1	06.06.2018	13:30	2	3	3	3,03	3,76	0,73	1	1	Habituation	Habituation
-900	10005	1	1	06.06.2018	13:30	2	4	4	3,96	7,79	3,83	1	1	Habituation	Habituation
-900	10005	1	1	06.06.2018	13:30	2	5	5	8,26	9,65	1,39	1	1	Habituation	Habituation
-900	10005	1	1	06.06.2018	13:30	2	6	6	9,80	13,29	3,49	1	1	Habituation	Habituation
-900	10005	1	1	06.06.2018	13:30	2	7	7	13,33	14,26	0,93	1	1	Habituation	Habituation
-900	10005	1	1	06.06.2018	13:30	2	8	8	14,76	15,30	0,54	1	1	Habituation	Habituation
-900	10005	1	1	06.06.2018	13:30	2	9	9	15,30	16,75	1,45	1	1	Habituation	Habituation
-900	10005	1	1	06.06.2018	13:30	2	10	10	17,80	24,75	6,95	1	1	Habituation	Habituation
-900	10005	1	1	06.06.2018	13:30	2	11	11	27,15	28,96	1,81	1	1	Habituation	Habituation
-900	10005	1	1	06.06.2018	13:30	2	12	12	29,51	34,68	5,17	1	1	Habituation	Habituation
-900	10005	1	1	06.06.2018	13:30	2	13	13	34,68	37,03	2,35	1	1	Habituation	Habituation
-900	10005	1	1	06.06.2018	13:30	2	14	14	37,05	37,76	0,71	1	1	Habituation	Habituation
-900	10005	1	1	06.06.2018	13:30	2	15	15	38,41	39,20	0,79	1	1	Habituation	Habituation
-900	10005	1	1	06.06.2018	13:30	2	16	16	39,20	40,09	0,89	1	1	Habituation	Habituation
-900	10005	1	1	06.06.2018	13:30	2	17	17	40,83	41,61	0,78	1	1	Habituation	Habituation
-900	10005	1	1	06.06.2018	13:30	2	18	18	42,17	47,31	5,14	1	1	Habituation	Habituation
-900	10005	1	1	06.06.2018	13:30	2	19	19	47,72	49,01	1,29	1	1	Habituation	Habituation
-900	10005	1	1	06.06.2018	13:30	2	20	20	49,47	50,22	0,75	1	1	Habituation	Habituation
-900	10005	1	1	06.06.2018	13:30	2	21	21	50,58	51,39	0,81	1	1	Habituation	Habituation
-900	10005	1	1	06.06.2018	13:30	2	22	22	53,14	54,18	1,04	1	1	Habituation	Habituation
-900	10005	1	1	06.06.2018	13:30	2	23	23	54,86	56,17	1,31	1	1	Habituation	Habituation
-900	10005	1	1	06.06.2018	13:30	2	24	24	56,76	57,38	0,62	1	1	Habituation	Habituation
-900	10005	1	1	06.06.2018	13:30	2	25	25	57,56	58,35	0,79	1	1	Habituation	Habituation
-900	10005	1	1	06.06.2018	13:30	2	26	26	58,82	59,84	1,02	1	1	Habituation	Habituation
-900	10005	1	1	06.06.2018	13:30	2	27	27	60,66	61,66	1,00	1	1	Habituation	Habituation
-900	10005	1	1	06.06.2018	13:30	2	28	28	61,66	67,55	5,89	1	1	Habituation	Habituation
-900	10005	1	1	06.06.2018	13:30	2	29	29	67,59	68,25	0,66	1	1	Habituation	Habituation
-900	10005	1	1	06.06.2018	13:30	2	30	30	68,71	70,29	1,58	1	1	Habituation	Habituation
-900	10005	1	1	06.06.2018	13:30	2	31	31	71,29	72,62	1,33	1	1	Habituation	Habituation
-900	10005	1	1	06.06.2018	13:30	2	32	32	74,87	75,52	0,65	1	1	Habituation	Habituation
-900	10005	1	1	06.06.2018	13:30	2	33	33	75,84	77,90	2,06	1	1	Habituation	Habituation
-900	10005	1	1	06.06.2018	13:30	2	34	34	77,98	79,11	1,13	1	1	Habituation	Habituation
-900	10005	1	1	06.06.2018	13:30	2	35	35	79,15	79,76	0,61	1	1	Habituation	Habituation
-900	10005	1	1	06.06.2018	13:30	2	36	36	80,17	81,10	0,93	1	1	Habituation	Habituation
-900	10005	1	1	06.06.2018	13:30	2	37	37	82,23	83,78	1,55	1	1	Habituation	Habituation
-900	10005	1	1	06.06.2018	13:30	2	38	38	84,52	85,14	0,62	1	1	Habituation	Habituation
-900	10005	1	1	06.06.2018	13:30	2	39	39	85,63	87,29	1,66	1	1	Habituation	Habituation
-900	10005	1	1	06.06.2018	13:30	2	40	40	87,35	89,40	2,05	1	1	Habituation	Habituation
-900	10005	1	1	06.06.2018	13:30	2	41	41	89,55	90,07	0,52	1	1	Habituation	Habituation
-900	10005	1	1	06.06.2018	13:30	2	42	42	90,12	91,70	1,58	1	1	Habituation	Habituation
-900	10005	1	1	06.06.2018	13:30	2	43	43	91,70	92,59	0,89	1	1	Habituation	Habituation
-900	10005	1	1	06.06.2018	13:30	2	44	44	92,61	93,14	0,53	1	1	Habituation	Habituation
-900	10005	1	1	06.06.2018	13:30	2	45	45	94,24	95,70	1,46	1	1	Habituation	Habituation
-900	10005	1	1	06.06.2018	13:30	2	46	46	97,26	99,05	1,79	1	1	Habituation	Habituation
-900	10005	1	1	06.06.2018	13:30	2	47	47	99,05	99,59	0,54	1	1	Habituation	Habituation
-900	10005	1	1	06.06.2018	13:30	2	48	48	100,39	115,14	14,75	1	1	Habituation	Habituation
-900	10005	1	1	06.06.2018	13:30	2	49	49	115,14	128,06	12,92	1	1	Habituation	Habituation
-900	10005	1	1	06.06.2018	13:30	2	50	50	128,06	132,53	4,47	1	1	Habituation	Habituation
-900	10005	1	1	06.06.2018	13:30	2	51	51	132,57	134,20	1,63	1	1	Habituation	Habituation
-900	10005	1	1	06.06.2018	13:30	2	52	52	134,22	135,79	1,57	1	1	Habituation	Habituation
-900	10005	1	1	06.06.2018	13:30	2	53	53	135,81	137,74	1,93	1	1	Habituation	Habituation
-900	10005	1	1	06.06.2018	13:30	2	54	54	137,74	138,44	0,70	1	1	Habituation	Habituation
-900	10005	1	1	06.06.2018	13:30	2	55	55	138,49	139,16	0,67	1	1	Habituation	Habituation
-900	10005	1	1	06.06.2018	13:30	2	56	56	139,85	143,65	3,80	1	1	Habituation	Habituation
-900	10005	1	1	06.06.2018	13:30	2	57	57	143,92	152,51	8,59	1	1	Habituation	Habituation
-900	10005	1	1	06.06.2018	13:30	2	58	58	152,86	153,40	0,54	1	1	Habituation	Habituation
-900	10005	1	1	06.06.2018	13:30	2	59	59	153,40	154,78	1,38	1	1	Habituation	Habituation
-900	10005	1	1	06.06.2018	13:30	2	60	60	155,40	156,16	0,76	1	1	Habituation	Habituation
-900	10005	1	1	06.06.2018	13:30	2	61	61	156,19	156,71	0,52	1	1	Habituation	Habituation
-900	10005	1	1	06.06.2018	13:30	2	62	62	156,73	158,12	1,39	1	1	Habituation	Habituation
-900	10005	1	1	06.06.2018	13:30	2	63	63	158,39	160,29	1,90	1	1	Habituation	Habituation
-900	10005	1	1	06.06.2018	13:30	2	64	64	160,29	161,79	1,50	1	1	Habituation	Habituation
-900	10005	1	1	06.06.2018	13:30	2	65	65	161,81	162,35	0,54	1	1	Habituation	Habituation
-900	10005	1	1	06.06.2018	13:30	2	66	66	162,35	163,57	1,22	1	1	Habituation	Habituation
-900	10005	1	1	06.06.2018	13:30	2	67	67	163,60	166,89	3,29	1	1	Habituation	Habituation
-900	10005	1	1	06.06.2018	13:30	2	68	68	166,89	167,59	0,70	1	1	Habituation	Habituation
-900	10005	1	1	06.06.2018	13:30	2	69	69	168,06	168,63	0,57	1	1	Habituation	Habituation
-900	10005	1	1	06.06.2018	13:30	2	70	70	168,97	169,83	0,86	1	1	Habituation	Habituation
-900	10005	1	1	06.06.2018	13:30	2	71	71	169,83	171,26	1,43	1	1	Habituation	Habituation
-900	10005	1	1	06.06.2018	13:30	2	72	72	171,28	171,85	0,57	1	1	Habituation	Habituation
-900	10005	1	1	06.06.2018	13:30	2	73	73	172,39	173,00	0,61	1	1	Habituation	Habituation
-900	10005	1	1	06.06.2018	13:30	2	74	74	173,21	173,75	0,54	1	1	Habituation	Habituation
-900	10005	1	1	06.06.2018	13:30	2	75	75	175,29	175,90	0,61	1	1	Habituation	Habituation
-900	10005	1	1	06.06.2018	13:30	2	76	76	176,11	179,12	3,01	1	1	Habituation	Habituation
-900	10005	1	1	06.06.2018	13:30	2	77	77	179,14	179,67	0,53	1	1	Habituation	Habituation
-900	10005	1	1	06.06.2018	13:39	3	1	1	0,00	0,67	0,67	1	1	Habituation	Habituation
-900	10005	1	1	06.06.2018	13:39	3	2	2	1,17	2,48	1,31	1	1	Habituation	Habituation
-900	10005	1	1	06.06.2018	13:39	3	3	3	2,48	3,23	0,75	1	1	Habituation	Habituation
-900	10005	1	1	06.06.2018	13:39	3	4	4	3,26	3,87	0,61	1	1	Habituation	Habituation
-900	10005	1	1	06.06.2018	13:39	3	5	5	4,11	8,60	4,49	1	1	Habituation	Habituation
-900	10005	1	1	06.06.2018	13:39	3	6	6	8,62	9,94	1,32	1	1	Habituation	Habituation
-900	10005	1	1	06.06.2018	13:39	3	7	7	10,07	18,80	8,73	1	1	Habituation	Habituation
-900	10005	1	1	06.06.2018	13:39	3	8	8	18,82	27,80	8,98	1	1	Habituation	Habituation
-900	10005	1	1	06.06.2018	13:39	3	9	9	27,82	31,61	3,79	1	1	Habituation	Habituation
-900	10005	1	1	06.06.2018	13:39	3	10	10	31,70	33,45	1,75	1	1	Habituation	Habituation
-900	10005	1	1	06.06.2018	13:39	3	11	11	33,47	35,37	1,90	1	1	Habituation	Habituation
-900	10005	1	1	06.06.2018	13:39	3	12	12	35,40	37,05	1,65	1	1	Habituation	Habituation
-900	10005	1	1	06.06.2018	13:39	3	13	13	37,07	38,12	1,05	1	1	Habituation	Habituation
-900	10005	1	1	06.06.2018	13:39	3	14	14	52,45	53,06	0,61	1	1	Habituation	Habituation
-900	10005	1	1	06.06.2018	13:39	3	15	15	53,38	53,92	0,54	1	1	Habituation	Habituation
-900	10005	1	1	06.06.2018	13:39	3	16	16	55,16	56,14	0,98	1	1	Habituation	Habituation
-900	10005	1	1	06.06.2018	13:39	3	17	17	57,54	58,18	0,64	1	1	Habituation	Habituation
-900	10005	1	1	06.06.2018	13:39	3	18	18	63,62	64,25	0,63	1	1	Habituation	Habituation
-900	10005	1	1	06.06.2018	13:39	3	19	19	69,67	70,83	1,16	1	1	Habituation	Habituation
-900	10005	1	1	06.06.2018	13:39	3	20	20	72,98	74,01	1,03	1	1	Habituation	Habituation
-900	10005	1	1	06.06.2018	13:39	3	21	21	80,21	80,83	0,62	1	1	Habituation	Habituation
-900	10005	1	1	06.06.2018	13:39	3	22	22	81,71	83,87	2,16	1	1	Habituation	Habituation
-900	10005	1	1	06.06.2018	13:39	3	23	23	85,70	86,22	0,52	1	1	Habituation	Habituation
-900	10005	1	1	06.06.2018	13:39	3	24	24	87,36	89,15	1,79	1	1	Habituation	Habituation
-900	10005	1	1	06.06.2018	13:39	3	25	25	89,21	90,15	0,94	1	1	Habituation	Habituation
-900	10005	1	1	06.06.2018	13:39	3	26	26	91,69	92,61	0,92	1	1	Habituation	Habituation
-900	10005	1	1	06.06.2018	13:39	3	27	27	93,39	93,98	0,59	1	1	Habituation	Habituation
-900	10005	1	1	06.06.2018	13:39	3	28	28	95,68	96,49	0,81	1	1	Habituation	Habituation
-900	10005	1	1	06.06.2018	13:39	3	29	29	97,83	101,23	3,40	1	1	Habituation	Habituation
-900	10005	1	1	06.06.2018	13:39	3	30	30	102,66	103,38	0,72	1	1	Habituation	Habituation
-900	10005	1	1	06.06.2018	13:39	3	31	31	103,82	104,81	0,99	1	1	Habituation	Habituation
-900	10005	1	1	06.06.2018	13:39	3	32	32	106,51	107,40	0,89	1	1	Habituation	Habituation
-900	10005	1	1	06.06.2018	13:39	3	33	33	108,37	109,08	0,71	1	1	Habituation	Habituation
-900	10005	1	1	06.06.2018	13:39	3	34	34	109,10	109,64	0,54	1	1	Habituation	Habituation
-900	10005	1	1	06.06.2018	13:39	3	35	35	110,01	110,59	0,58	1	1	Habituation	Habituation
-900	10005	1	1	06.06.2018	13:39	3	36	36	115,29	117,10	1,81	1	1	Habituation	Habituation
-900	10005	1	1	06.06.2018	13:39	3	37	37	121,30	125,22	3,92	1	1	Habituation	Habituation
-900	10005	1	1	06.06.2018	13:39	3	38	38	125,90	128,43	2,53	1	1	Habituation	Habituation
-900	10005	1	1	06.06.2018	13:39	3	39	39	128,87	129,68	0,81	1	1	Habituation	Habituation
-900	10005	1	1	06.06.2018	13:39	3	40	40	129,98	130,70	0,72	1	1	Habituation	Habituation
-900	10005	1	1	06.06.2018	13:39	3	41	41	130,70	131,81	1,11	1	1	Habituation	Habituation
-900	10005	1	1	06.06.2018	13:39	3	42	42	133,68	134,29	0,61	1	1	Habituation	Habituation
-900	10005	1	1	06.06.2018	13:39	3	43	43	134,33	135,33	1,00	1	1	Habituation	Habituation
-900	10005	1	1	06.06.2018	13:39	3	44	44	139,07	140,59	1,52	1	1	Habituation	Habituation
-900	10005	1	1	06.06.2018	13:39	3	45	45	141,05	141,64	0,59	1	1	Habituation	Habituation
-900	10005	1	1	06.06.2018	13:39	3	46	46	143,79	144,43	0,64	1	1	Habituation	Habituation
-900	10005	1	1	06.06.2018	13:39	3	47	47	149,82	151,34	1,52	1	1	Habituation	Habituation
-900	10005	1	1	06.06.2018	13:39	3	48	48	154,04	154,68	0,64	1	1	Habituation	Habituation
-900	10005	1	1	06.06.2018	13:39	3	49	49	155,35	156,15	0,80	1	1	Habituation	Habituation
-900	10005	1	1	06.06.2018	13:39	3	50	50	156,17	158,03	1,86	1	1	Habituation	Habituation
-900	10005	1	1	06.06.2018	13:39	3	51	51	162,09	162,73	0,64	1	1	Habituation	Habituation
-900	10005	1	1	06.06.2018	13:39	3	52	52	173,18	178,38	5,20	1	1	Habituation	Habituation
-900	10005	1	1	06.06.2018	13:42	4	1	1	4,97	5,59	0,62	1	1	Habituation	Habituation
-900	10005	1	1	06.06.2018	13:42	4	2	2	6,15	6,88	0,73	1	1	Habituation	Habituation
-900	10005	1	1	06.06.2018	13:42	4	3	3	7,24	10,21	2,97	1	1	Habituation	Habituation
-900	10005	1	1	06.06.2018	13:42	4	4	4	10,40	11,08	0,68	1	1	Habituation	Habituation
-900	10005	1	1	06.06.2018	13:42	4	5	5	11,23	11,78	0,55	1	1	Habituation	Habituation
-900	10005	1	1	06.06.2018	13:42	4	6	6	12,03	15,41	3,38	1	1	Habituation	Habituation
-900	10005	1	1	06.06.2018	13:42	4	7	7	16,04	16,56	0,52	1	1	Habituation	Habituation
-900	10005	1	1	06.06.2018	13:42	4	8	8	17,36	19,78	2,42	1	1	Habituation	Habituation
-900	10005	1	1	06.06.2018	13:42	4	9	9	19,83	20,65	0,82	1	1	Habituation	Habituation
-900	10005	1	1	06.06.2018	13:42	4	10	10	23,37	24,84	1,47	1	1	Habituation	Habituation
-900	10005	1	1	06.06.2018	13:42	4	11	11	25,16	25,79	0,63	1	1	Habituation	Habituation
-900	10005	1	1	06.06.2018	13:42	4	12	12	26,00	26,54	0,54	1	1	Habituation	Habituation
-900	10005	1	1	06.06.2018	13:42	4	13	13	28,33	29,26	0,93	1	1	Habituation	Habituation
-900	10005	1	1	06.06.2018	13:42	4	14	14	30,96	31,82	0,86	1	1	Habituation	Habituation
-900	10005	1	1	06.06.2018	13:42	4	15	15	31,83	33,50	1,67	1	1	Habituation	Habituation
-900	10005	1	1	06.06.2018	13:42	4	16	16	33,52	38,29	4,77	1	1	Habituation	Habituation
-900	10005	1	1	06.06.2018	13:42	4	17	17	38,53	39,80	1,27	1	1	Habituation	Habituation
-900	10005	1	1	06.06.2018	13:42	4	18	18	39,83	40,51	0,68	1	1	Habituation	Habituation
-900	10005	1	1	06.06.2018	13:42	4	19	19	40,53	50,17	9,64	1	1	Habituation	Habituation
-900	10005	1	1	06.06.2018	13:42	4	20	20	50,17	51,16	0,99	1	1	Habituation	Habituation
-900	10005	1	1	06.06.2018	13:42	4	21	21	51,80	52,43	0,63	1	1	Habituation	Habituation
-900	10005	1	1	06.06.2018	13:42	4	22	22	52,43	53,86	1,43	1	1	Habituation	Habituation
-900	10005	1	1	06.06.2018	13:42	4	23	23	53,86	55,47	1,61	1	1	Habituation	Habituation
-900	10005	1	1	06.06.2018	13:42	4	24	24	55,47	57,27	1,80	1	1	Habituation	Habituation
-900	10005	1	1	06.06.2018	13:42	4	25	25	58,06	60,62	2,56	1	1	Habituation	Habituation
-900	10005	1	1	06.06.2018	13:42	4	26	26	60,62	61,44	0,82	1	1	Habituation	Habituation
-900	10005	1	1	06.06.2018	13:42	4	27	27	61,44	62,07	0,63	1	1	Habituation	Habituation
-900	10005	1	1	06.06.2018	13:42	4	28	28	62,39	79,52	17,13	1	1	Habituation	Habituation
-900	10005	1	1	06.06.2018	13:42	4	29	29	79,52	81,56	2,04	1	1	Habituation	Habituation
-900	10005	1	1	06.06.2018	13:42	4	30	30	82,06	86,71	4,65	1	1	Habituation	Habituation
-900	10005	1	1	06.06.2018	13:42	4	31	31	86,71	87,82	1,11	1	1	Habituation	Habituation
-900	10005	1	1	06.06.2018	13:42	4	32	32	87,82	89,16	1,34	1	1	Habituation	Habituation
-900	10005	1	1	06.06.2018	13:42	4	33	33	89,16	89,67	0,51	1	1	Habituation	Habituation
-900	10005	1	1	06.06.2018	13:42	4	34	34	89,67	114,62	24,95	1	1	Habituation	Habituation
-900	10005	1	1	06.06.2018	13:42	4	35	35	114,63	116,12	1,49	1	1	Habituation	Habituation
-900	10005	1	1	06.06.2018	13:42	4	36	36	116,12	122,95	6,83	1	1	Habituation	Habituation
-900	10005	1	1	06.06.2018	13:42	4	37	37	122,95	127,60	4,65	1	1	Habituation	Habituation
-900	10005	1	1	06.06.2018	13:42	4	38	38	127,92	136,76	8,84	1	1	Habituation	Habituation
-900	10005	1	1	06.06.2018	13:42	4	39	39	136,81	140,30	3,49	1	1	Habituation	Habituation
-900	10005	1	1	06.06.2018	13:42	4	40	40	140,53	144,18	3,65	1	1	Habituation	Habituation
-900	10005	1	1	06.06.2018	13:42	4	41	41	144,40	146,02	1,62	1	1	Habituation	Habituation
-900	10005	1	1	06.06.2018	13:42	4	42	42	146,02	172,85	26,83	1	1	Habituation	Habituation
-900	10005	1	1	06.06.2018	13:42	4	43	43	172,87	175,82	2,95	1	1	Habituation	Habituation
-900	10005	1	1	06.06.2018	13:42	4	44	44	176,41	179,99	3,58	1	1	Habituation	Habituation
-900	10005	1	1	06.06.2018	14:57	5	1	1	0,27	1,87	1,60	1	1	Habituation	Habituation
-900	10005	1	1	06.06.2018	14:57	5	2	2	2,24	2,80	0,56	1	1	Habituation	Habituation
-900	10005	1	1	06.06.2018	14:57	5	3	3	2,83	4,12	1,29	1	1	Habituation	Habituation
-900	10005	1	1	06.06.2018	14:57	5	4	4	4,16	4,89	0,73	1	1	Habituation	Habituation
-900	10005	1	1	06.06.2018	14:57	5	5	5	5,82	8,27	2,45	1	1	Habituation	Habituation
-900	10005	1	1	06.06.2018	14:57	5	6	6	8,29	14,73	6,44	1	1	Habituation	Habituation
-900	10005	1	1	06.06.2018	14:57	5	7	7	15,48	16,22	0,74	1	1	Habituation	Habituation
-900	10005	1	1	06.06.2018	14:57	5	8	8	17,33	18,31	0,98	1	1	Habituation	Habituation
-900	10005	1	1	06.06.2018	14:57	5	9	9	19,29	20,42	1,13	1	1	Habituation	Habituation
-900	10005	1	1	06.06.2018	14:57	5	10	10	20,53	26,25	5,72	1	1	Habituation	Habituation
-900	10005	1	1	06.06.2018	14:57	5	11	11	26,31	27,02	0,71	1	1	Habituation	Habituation
-900	10005	1	1	06.06.2018	14:57	5	12	12	27,56	38,18	10,62	1	1	Habituation	Habituation
-900	10005	1	1	06.06.2018	14:57	5	13	13	38,18	39,04	0,86	1	1	Habituation	Habituation
-900	10005	1	1	06.06.2018	14:57	5	14	14	39,04	39,58	0,54	1	1	Habituation	Habituation
-900	10005	1	1	06.06.2018	14:57	5	15	15	39,58	40,58	1,00	1	1	Habituation	Habituation
-900	10005	1	1	06.06.2018	14:57	5	16	16	40,58	41,60	1,02	1	1	Habituation	Habituation
-900	10005	1	1	06.06.2018	14:57	5	17	17	41,83	42,76	0,93	1	1	Habituation	Habituation
-900	10005	1	1	06.06.2018	14:57	5	18	18	42,76	44,89	2,13	1	1	Habituation	Habituation
-900	10005	1	1	06.06.2018	14:57	5	19	19	45,36	47,67	2,31	1	1	Habituation	Habituation
-900	10005	1	1	06.06.2018	14:57	5	20	20	48,02	50,56	2,54	1	1	Habituation	Habituation
-900	10005	1	1	06.06.2018	14:57	5	21	21	50,94	52,50	1,56	1	1	Habituation	Habituation
-900	10005	1	1	06.06.2018	14:57	5	22	22	52,58	72,96	20,38	1	1	Habituation	Habituation
-900	10005	1	1	06.06.2018	14:57	5	23	23	74,05	74,98	0,93	1	1	Habituation	Habituation
-900	10005	1	1	06.06.2018	14:57	5	24	24	74,98	75,51	0,53	1	1	Habituation	Habituation
-900	10005	1	1	06.06.2018	14:57	5	25	25	75,66	77,36	1,70	1	1	Habituation	Habituation
-900	10005	1	1	06.06.2018	14:57	5	26	26	77,73	78,46	0,73	1	1	Habituation	Habituation
-900	10005	1	1	06.06.2018	14:57	5	27	27	78,80	81,06	2,26	1	1	Habituation	Habituation
-900	10005	1	1	06.06.2018	14:57	5	28	28	81,11	81,65	0,54	1	1	Habituation	Habituation
-900	10005	1	1	06.06.2018	14:57	5	29	29	81,74	84,13	2,39	1	1	Habituation	Habituation
-900	10005	1	1	06.06.2018	14:57	5	30	30	84,94	86,48	1,54	1	1	Habituation	Habituation
-900	10005	1	1	06.06.2018	14:57	5	31	31	86,50	87,25	0,75	1	1	Habituation	Habituation
-900	10005	1	1	06.06.2018	14:57	5	32	32	87,34	91,84	4,50	1	1	Habituation	Habituation
-900	10005	1	1	06.06.2018	14:57	5	33	33	92,24	103,23	10,99	1	1	Habituation	Habituation
-900	10005	1	1	06.06.2018	14:57	5	34	34	104,20	104,93	0,73	1	1	Habituation	Habituation
-900	10005	1	1	06.06.2018	14:57	5	35	35	106,18	107,17	0,99	1	1	Habituation	Habituation
-900	10005	1	1	06.06.2018	14:57	5	36	36	107,26	107,94	0,68	1	1	Habituation	Habituation
-900	10005	1	1	06.06.2018	14:57	5	37	37	108,83	110,71	1,88	1	1	Habituation	Habituation
-900	10005	1	1	06.06.2018	14:57	5	38	38	110,71	112,01	1,30	1	1	Habituation	Habituation
-900	10005	1	1	06.06.2018	14:57	5	39	39	112,39	113,55	1,16	1	1	Habituation	Habituation
-900	10005	1	1	06.06.2018	14:57	5	40	40	114,05	118,99	4,94	1	1	Habituation	Habituation
-900	10005	1	1	06.06.2018	14:57	5	41	41	119,11	119,90	0,79	1	1	Habituation	Habituation
-900	10005	1	1	06.06.2018	14:57	5	42	42	120,88	121,51	0,63	1	1	Habituation	Habituation
-900	10005	1	1	06.06.2018	14:57	5	43	43	121,53	122,85	1,32	1	1	Habituation	Habituation
-900	10005	1	1	06.06.2018	14:57	5	44	44	122,87	124,44	1,57	1	1	Habituation	Habituation
-900	10005	1	1	06.06.2018	14:57	5	45	45	125,01	125,96	0,95	1	1	Habituation	Habituation
-900	10005	1	1	06.06.2018	14:57	5	46	46	126,73	128,52	1,79	1	1	Habituation	Habituation
-900	10005	1	1	06.06.2018	14:57	5	47	47	129,15	130,00	0,85	1	1	Habituation	Habituation
-900	10005	1	1	06.06.2018	14:57	5	48	48	131,02	132,94	1,92	1	1	Habituation	Habituation
-900	10005	1	1	06.06.2018	14:57	5	49	49	134,94	136,62	1,68	1	1	Habituation	Habituation
-900	10005	1	1	06.06.2018	14:57	5	50	50	136,82	139,30	2,48	1	1	Habituation	Habituation
-900	10005	1	1	06.06.2018	14:57	5	51	51	139,30	148,19	8,89	1	1	Habituation	Habituation
-900	10005	1	1	06.06.2018	14:57	5	52	52	148,19	149,39	1,20	1	1	Habituation	Habituation
-900	10005	1	1	06.06.2018	14:57	5	53	53	149,64	154,39	4,75	1	1	Habituation	Habituation
-900	10005	1	1	06.06.2018	14:57	5	54	54	154,45	159,06	4,61	1	1	Habituation	Habituation
-900	10005	1	1	06.06.2018	14:57	5	55	55	159,74	160,38	0,64	1	1	Habituation	Habituation
-900	10005	1	1	06.06.2018	14:57	5	56	56	160,60	162,28	1,68	1	1	Habituation	Habituation
-900	10005	1	1	06.06.2018	14:57	5	57	57	162,28	163,05	0,77	1	1	Habituation	Habituation
-900	10005	1	1	06.06.2018	14:57	5	58	58	163,44	165,44	2,00	1	1	Habituation	Habituation
-900	10005	1	1	06.06.2018	14:57	5	59	59	165,44	166,00	0,56	1	1	Habituation	Habituation
-900	10005	1	1	06.06.2018	14:57	5	60	60	166,36	169,43	3,07	1	1	Habituation	Habituation
-900	10005	1	1	06.06.2018	14:57	5	61	61	169,43	171,56	2,13	1	1	Habituation	Habituation
-900	10005	1	1	06.06.2018	14:57	5	62	62	175,17	176,23	1,06	1	1	Habituation	Habituation
-900	10005	1	1	06.06.2018	14:57	5	63	63	178,37	179,09	0,72	1	1	Habituation	Habituation
-900	10005	1	1	06.06.2018	15:00	6	1	1	0,00	12,21	12,21	1	1	Habituation	Habituation
-900	10005	1	1	06.06.2018	15:00	6	2	2	12,25	13,41	1,16	1	1	Habituation	Habituation
-900	10005	1	1	06.06.2018	15:00	6	3	3	13,50	15,41	1,91	1	1	Habituation	Habituation
-900	10005	1	1	06.06.2018	15:00	6	4	4	15,41	16,16	0,75	1	1	Habituation	Habituation
-900	10005	1	1	06.06.2018	15:00	6	5	5	16,18	16,82	0,64	1	1	Habituation	Habituation
-900	10005	1	1	06.06.2018	15:00	6	6	6	17,74	29,07	11,33	1	1	Habituation	Habituation
-900	10005	1	1	06.06.2018	15:00	6	7	7	29,07	30,32	1,25	1	1	Habituation	Habituation
-900	10005	1	1	06.06.2018	15:00	6	8	8	30,32	31,58	1,26	1	1	Habituation	Habituation
-900	10005	1	1	06.06.2018	15:00	6	9	9	31,58	32,40	0,82	1	1	Habituation	Habituation
-900	10005	1	1	06.06.2018	15:00	6	10	10	33,85	34,53	0,68	1	1	Habituation	Habituation
-900	10005	1	1	06.06.2018	15:00	6	11	11	36,65	37,28	0,63	1	1	Habituation	Habituation
-900	10005	1	1	06.06.2018	15:00	6	12	12	43,14	44,79	1,65	1	1	Habituation	Habituation
-900	10005	1	1	06.06.2018	15:00	6	13	13	50,71	51,49	0,78	1	1	Habituation	Habituation
-900	10005	1	1	06.06.2018	15:00	6	14	14	52,24	53,21	0,97	1	1	Habituation	Habituation
-900	10005	1	1	06.06.2018	15:00	6	15	15	56,39	57,39	1,00	1	1	Habituation	Habituation
-900	10005	1	1	06.06.2018	15:00	6	16	16	58,95	59,97	1,02	1	1	Habituation	Habituation
-900	10005	1	1	06.06.2018	15:00	6	17	17	63,85	64,46	0,61	1	1	Habituation	Habituation
-900	10005	1	1	06.06.2018	15:00	6	18	18	75,20	75,77	0,57	1	1	Habituation	Habituation
-900	10005	1	1	06.06.2018	15:00	6	19	19	83,26	83,78	0,52	1	1	Habituation	Habituation
-900	10005	1	1	06.06.2018	15:00	6	20	20	85,82	86,34	0,52	1	1	Habituation	Habituation
-900	10005	1	1	06.06.2018	15:00	6	21	21	86,55	87,09	0,54	1	1	Habituation	Habituation
-900	10005	1	1	06.06.2018	15:00	6	22	22	88,32	88,95	0,63	1	1	Habituation	Habituation
-900	10005	1	1	06.06.2018	15:00	6	23	23	91,49	93,44	1,95	1	1	Habituation	Habituation
-900	10005	1	1	06.06.2018	15:00	6	24	24	93,45	93,99	0,54	1	1	Habituation	Habituation
-900	10005	1	1	06.06.2018	15:00	6	25	25	94,13	94,71	0,58	1	1	Habituation	Habituation
-900	10005	1	1	06.06.2018	15:00	6	26	26	94,97	95,81	0,84	1	1	Habituation	Habituation
-900	10005	1	1	06.06.2018	15:00	6	27	27	96,87	98,14	1,27	1	1	Habituation	Habituation
-900	10005	1	1	06.06.2018	15:00	6	28	28	98,41	99,71	1,30	1	1	Habituation	Habituation
-900	10005	1	1	06.06.2018	15:00	6	29	29	101,66	102,21	0,55	1	1	Habituation	Habituation
-900	10005	1	1	06.06.2018	15:00	6	30	30	102,23	102,89	0,66	1	1	Habituation	Habituation
-900	10005	1	1	06.06.2018	15:00	6	31	31	103,77	104,61	0,84	1	1	Habituation	Habituation
-900	10005	1	1	06.06.2018	15:00	6	32	32	104,72	105,24	0,52	1	1	Habituation	Habituation
-900	10005	1	1	06.06.2018	15:00	6	33	33	108,26	110,31	2,05	1	1	Habituation	Habituation
-900	10005	1	1	06.06.2018	15:00	6	34	34	111,01	113,32	2,31	1	1	Habituation	Habituation
-900	10005	1	1	06.06.2018	15:00	6	35	35	114,25	115,30	1,05	1	1	Habituation	Habituation
-900	10005	1	1	06.06.2018	15:00	6	36	36	115,32	116,48	1,16	1	1	Habituation	Habituation
-900	10005	1	1	06.06.2018	15:00	6	37	37	119,63	120,16	0,53	1	1	Habituation	Habituation
-900	10005	1	1	06.06.2018	15:00	6	38	38	120,63	121,18	0,55	1	1	Habituation	Habituation
-900	10005	1	1	06.06.2018	15:00	6	39	39	122,15	122,79	0,64	1	1	Habituation	Habituation
-900	10005	1	1	06.06.2018	15:00	6	40	40	123,40	123,95	0,55	1	1	Habituation	Habituation
-900	10005	1	1	06.06.2018	15:00	6	41	41	124,04	127,26	3,22	1	1	Habituation	Habituation
-900	10005	1	1	06.06.2018	15:00	6	42	42	128,10	129,14	1,04	1	1	Habituation	Habituation
-900	10005	1	1	06.06.2018	15:00	6	43	43	129,14	131,01	1,87	1	1	Habituation	Habituation
-900	10005	1	1	06.06.2018	15:00	6	44	44	131,03	131,96	0,93	1	1	Habituation	Habituation
-900	10005	1	1	06.06.2018	15:00	6	45	45	134,12	136,07	1,95	1	1	Habituation	Habituation
-900	10005	1	1	06.06.2018	15:00	6	46	46	136,34	137,57	1,23	1	1	Habituation	Habituation
-900	10005	1	1	06.06.2018	15:00	6	47	47	137,59	138,50	0,91	1	1	Habituation	Habituation
-900	10005	1	1	06.06.2018	15:00	6	48	48	138,52	140,63	2,11	1	1	Habituation	Habituation
-900	10005	1	1	06.06.2018	15:00	6	49	49	140,70	144,60	3,90	1	1	Habituation	Habituation
-900	10005	1	1	06.06.2018	15:00	6	50	50	144,60	146,51	1,91	1	1	Habituation	Habituation
-900	10005	1	1	06.06.2018	15:00	6	51	51	148,52	149,43	0,91	1	1	Habituation	Habituation
-900	10005	1	1	06.06.2018	15:00	6	52	52	149,44	150,30	0,86	1	1	Habituation	Habituation
-900	10005	1	1	06.06.2018	15:00	6	53	53	150,73	152,11	1,38	1	1	Habituation	Habituation
-900	10005	1	1	06.06.2018	15:00	6	54	54	152,13	152,77	0,64	1	1	Habituation	Habituation
-900	10005	1	1	06.06.2018	15:00	6	55	55	153,65	154,77	1,12	1	1	Habituation	Habituation
-900	10005	1	1	06.06.2018	15:00	6	56	56	154,81	155,49	0,68	1	1	Habituation	Habituation
-900	10005	1	1	06.06.2018	15:00	6	57	57	156,85	157,44	0,59	1	1	Habituation	Habituation
-900	10005	1	1	06.06.2018	15:00	6	58	58	157,88	158,42	0,54	1	1	Habituation	Habituation
-900	10005	1	1	06.06.2018	15:00	6	59	59	160,19	161,21	1,02	1	1	Habituation	Habituation
-900	10005	1	1	06.06.2018	15:00	6	60	60	161,44	162,37	0,93	1	1	Habituation	Habituation
-900	10005	1	1	06.06.2018	15:00	6	61	61	162,37	163,35	0,98	1	1	Habituation	Habituation
-900	10005	1	1	06.06.2018	15:00	6	62	62	165,68	170,54	4,86	1	1	Habituation	Habituation
-900	10005	1	1	06.06.2018	15:00	6	63	63	170,54	178,41	7,87	1	1	Habituation	Habituation
-900	10005	1	1	06.06.2018	15:00	6	64	64	178,85	180,00	1,15	1	1	Habituation	Habituation
-900	10005	1	1	06.06.2018	15:04	7	1	1	0,00	1,17	1,17	1	1	Habituation	Habituation
-900	10005	1	1	06.06.2018	15:04	7	2	2	1,88	4,32	2,44	1	1	Habituation	Habituation
-900	10005	1	1	06.06.2018	15:04	7	3	3	4,53	5,21	0,68	1	1	Habituation	Habituation
-900	10005	1	1	06.06.2018	15:04	7	4	4	5,21	5,80	0,59	1	1	Habituation	Habituation
-900	10005	1	1	06.06.2018	15:04	7	5	5	7,41	9,63	2,22	1	1	Habituation	Habituation
-900	10005	1	1	06.06.2018	15:04	7	6	6	11,91	12,56	0,65	1	1	Habituation	Habituation
-900	10005	1	1	06.06.2018	15:04	7	7	7	14,27	15,58	1,31	1	1	Habituation	Habituation
-900	10005	1	1	06.06.2018	15:04	7	8	8	16,92	18,64	1,72	1	1	Habituation	Habituation
-900	10005	1	1	06.06.2018	15:04	7	9	9	20,16	20,98	0,82	1	1	Habituation	Habituation
-900	10005	1	1	06.06.2018	15:04	7	10	10	20,98	22,16	1,18	1	1	Habituation	Habituation
-900	10005	1	1	06.06.2018	15:04	7	11	11	23,55	24,43	0,88	1	1	Habituation	Habituation
-900	10005	1	1	06.06.2018	15:04	7	12	12	24,45	26,18	1,73	1	1	Habituation	Habituation
-900	10005	1	1	06.06.2018	15:04	7	13	13	26,50	28,09	1,59	1	1	Habituation	Habituation
-900	10005	1	1	06.06.2018	15:04	7	14	14	30,43	32,56	2,13	1	1	Habituation	Habituation
-900	10005	1	1	06.06.2018	15:04	7	15	15	32,94	33,96	1,02	1	1	Habituation	Habituation
-900	10005	1	1	06.06.2018	15:04	7	16	16	34,85	36,06	1,21	1	1	Habituation	Habituation
-900	10005	1	1	06.06.2018	15:04	7	17	17	36,06	36,73	0,67	1	1	Habituation	Habituation
-900	10005	1	1	06.06.2018	15:04	7	18	18	37,57	38,66	1,09	1	1	Habituation	Habituation
-900	10005	1	1	06.06.2018	15:04	7	19	19	43,84	44,38	0,54	1	1	Habituation	Habituation
-900	10005	1	1	06.06.2018	15:04	7	20	20	44,86	45,73	0,87	1	1	Habituation	Habituation
-900	10005	1	1	06.06.2018	15:04	7	21	21	45,90	47,43	1,53	1	1	Habituation	Habituation
-900	10005	1	1	06.06.2018	15:04	7	22	22	47,45	48,06	0,61	1	1	Habituation	Habituation
-900	10005	1	1	06.06.2018	15:04	7	23	23	48,06	48,84	0,78	1	1	Habituation	Habituation
-900	10005	1	1	06.06.2018	15:04	7	24	24	49,47	50,13	0,66	1	1	Habituation	Habituation
-900	10005	1	1	06.06.2018	15:04	7	25	25	52,01	52,58	0,57	1	1	Habituation	Habituation
-900	10005	1	1	06.06.2018	15:04	7	26	26	52,60	58,23	5,63	1	1	Habituation	Habituation
-900	10005	1	1	06.06.2018	15:04	7	27	27	58,35	58,87	0,52	1	1	Habituation	Habituation
-900	10005	1	1	06.06.2018	15:04	7	28	28	59,43	60,46	1,03	1	1	Habituation	Habituation
-900	10005	1	1	06.06.2018	15:04	7	29	29	62,34	63,04	0,70	1	1	Habituation	Habituation
-900	10005	1	1	06.06.2018	15:04	7	30	30	64,02	64,54	0,52	1	1	Habituation	Habituation
-900	10005	1	1	06.06.2018	15:04	7	31	31	64,73	65,56	0,83	1	1	Habituation	Habituation
-900	10005	1	1	06.06.2018	15:04	7	32	32	65,95	67,15	1,20	1	1	Habituation	Habituation
-900	10005	1	1	06.06.2018	15:04	7	33	33	67,15	68,15	1,00	1	1	Habituation	Habituation
-900	10005	1	1	06.06.2018	15:04	7	34	34	69,38	70,62	1,24	1	1	Habituation	Habituation
-900	10005	1	1	06.06.2018	15:04	7	35	35	70,62	71,17	0,55	1	1	Habituation	Habituation
-900	10005	1	1	06.06.2018	15:04	7	36	36	71,90	72,62	0,72	1	1	Habituation	Habituation
-900	10005	1	1	06.06.2018	15:04	7	37	37	73,01	73,85	0,84	1	1	Habituation	Habituation
-900	10005	1	1	06.06.2018	15:04	7	38	38	73,87	74,67	0,80	1	1	Habituation	Habituation
-900	10005	1	1	06.06.2018	15:04	7	39	39	75,05	77,37	2,32	1	1	Habituation	Habituation
-900	10005	1	1	06.06.2018	15:04	7	40	40	78,62	79,23	0,61	1	1	Habituation	Habituation
-900	10005	1	1	06.06.2018	15:04	7	41	41	79,25	80,00	0,75	1	1	Habituation	Habituation
-900	10005	1	1	06.06.2018	15:04	7	42	42	80,04	82,50	2,46	1	1	Habituation	Habituation
-900	10005	1	1	06.06.2018	15:04	7	43	43	82,54	84,45	1,91	1	1	Habituation	Habituation
-900	10005	1	1	06.06.2018	15:04	7	44	44	85,43	85,97	0,54	1	1	Habituation	Habituation
-900	10005	1	1	06.06.2018	15:04	7	45	45	86,11	88,40	2,29	1	1	Habituation	Habituation
-900	10005	1	1	06.06.2018	15:04	7	46	46	89,15	91,08	1,93	1	1	Habituation	Habituation
-900	10005	1	1	06.06.2018	15:04	7	47	47	91,08	92,60	1,52	1	1	Habituation	Habituation
-900	10005	1	1	06.06.2018	15:04	7	48	48	93,03	94,62	1,59	1	1	Habituation	Habituation
-900	10005	1	1	06.06.2018	15:04	7	49	49	95,75	97,44	1,69	1	1	Habituation	Habituation
-900	10005	1	1	06.06.2018	15:04	7	50	50	97,69	100,02	2,33	1	1	Habituation	Habituation
-900	10005	1	1	06.06.2018	15:04	7	51	51	100,66	101,50	0,84	1	1	Habituation	Habituation
-900	10005	1	1	06.06.2018	15:04	7	52	52	102,11	102,95	0,84	1	1	Habituation	Habituation
-900	10005	1	1	06.06.2018	15:04	7	53	53	102,95	103,70	0,75	1	1	Habituation	Habituation
-900	10005	1	1	06.06.2018	15:04	7	54	54	103,70	104,43	0,73	1	1	Habituation	Habituation
-900	10005	1	1	06.06.2018	15:04	7	55	55	104,47	108,86	4,39	1	1	Habituation	Habituation
-900	10005	1	1	06.06.2018	15:04	7	56	56	108,86	109,69	0,83	1	1	Habituation	Habituation
-900	10005	1	1	06.06.2018	15:04	7	57	57	109,69	110,26	0,57	1	1	Habituation	Habituation
-900	10005	1	1	06.06.2018	15:04	7	58	58	110,26	110,79	0,53	1	1	Habituation	Habituation
-900	10005	1	1	06.06.2018	15:04	7	59	59	111,21	111,80	0,59	1	1	Habituation	Habituation
-900	10005	1	1	06.06.2018	15:04	7	60	60	111,80	113,82	2,02	1	1	Habituation	Habituation
-900	10005	1	1	06.06.2018	15:04	7	61	61	115,87	117,37	1,50	1	1	Habituation	Habituation
-900	10005	1	1	06.06.2018	15:04	7	62	62	117,39	119,75	2,36	1	1	Habituation	Habituation
-900	10005	1	1	06.06.2018	15:04	7	63	63	120,96	122,75	1,79	1	1	Habituation	Habituation
-900	10005	1	1	06.06.2018	15:04	7	64	64	122,80	123,68	0,88	1	1	Habituation	Habituation
-900	10005	1	1	06.06.2018	15:04	7	65	65	123,84	124,36	0,52	1	1	Habituation	Habituation
-900	10005	1	1	06.06.2018	15:04	7	66	66	124,52	126,90	2,38	1	1	Habituation	Habituation
-900	10005	1	1	06.06.2018	15:04	7	67	67	126,92	128,26	1,34	1	1	Habituation	Habituation
-900	10005	1	1	06.06.2018	15:04	7	68	68	128,74	131,33	2,59	1	1	Habituation	Habituation
-900	10005	1	1	06.06.2018	15:04	7	69	69	131,78	133,08	1,30	1	1	Habituation	Habituation
-900	10005	1	1	06.06.2018	15:04	7	70	70	134,39	134,90	0,51	1	1	Habituation	Habituation
-900	10005	1	1	06.06.2018	15:04	7	71	71	134,90	136,30	1,40	1	1	Habituation	Habituation
-900	10005	1	1	06.06.2018	15:04	7	72	72	136,73	139,93	3,20	1	1	Habituation	Habituation
-900	10005	1	1	06.06.2018	15:04	7	73	73	141,25	141,82	0,57	1	1	Habituation	Habituation
-900	10005	1	1	06.06.2018	15:04	7	74	74	142,04	142,77	0,73	1	1	Habituation	Habituation
-900	10005	1	1	06.06.2018	15:04	7	75	75	142,79	146,72	3,93	1	1	Habituation	Habituation
-900	10005	1	1	06.06.2018	15:04	7	76	76	146,72	147,29	0,57	1	1	Habituation	Habituation
-900	10005	1	1	06.06.2018	15:04	7	77	77	147,29	148,33	1,04	1	1	Habituation	Habituation
-900	10005	1	1	06.06.2018	15:04	7	78	78	149,51	150,72	1,21	1	1	Habituation	Habituation
-900	10005	1	1	06.06.2018	15:04	7	79	79	150,76	151,69	0,93	1	1	Habituation	Habituation
-900	10005	1	1	06.06.2018	15:04	7	80	80	151,70	154,35	2,65	1	1	Habituation	Habituation
-900	10005	1	1	06.06.2018	15:04	7	81	81	156,07	157,37	1,30	1	1	Habituation	Habituation
-900	10005	1	1	06.06.2018	15:04	7	82	82	157,41	159,50	2,09	1	1	Habituation	Habituation
-900	10005	1	1	06.06.2018	15:04	7	83	83	159,51	160,37	0,86	1	1	Habituation	Habituation
-900	10005	1	1	06.06.2018	15:04	7	84	84	161,91	163,59	1,68	1	1	Habituation	Habituation
-900	10005	1	1	06.06.2018	15:04	7	85	85	163,70	166,84	3,14	1	1	Habituation	Habituation
-900	10005	1	1	06.06.2018	15:04	7	86	86	167,84	168,81	0,97	1	1	Habituation	Habituation
-900	10005	1	1	06.06.2018	15:04	7	87	87	169,81	171,11	1,30	1	1	Habituation	Habituation
-900	10005	1	1	06.06.2018	15:04	7	88	88	171,70	173,72	2,02	1	1	Habituation	Habituation
-900	10005	1	1	06.06.2018	15:04	7	89	89	173,72	178,21	4,49	1	1	Habituation	Habituation
-900	10005	1	1	06.06.2018	15:04	7	90	90	178,73	180,00	1,27	1	1	Habituation	Habituation
-900	10005	1	1	06.07.2018	12:45	8	1	1	0,00	57,27	57,27	1	1	Habituation	Habituation
-900	10005	1	1	06.07.2018	12:45	8	2	2	57,27	60,82	3,55	1	1	Habituation	Habituation
-900	10005	1	1	06.07.2018	12:45	8	3	3	60,82	85,51	24,69	1	1	Habituation	Habituation
-900	10005	1	1	06.07.2018	12:45	8	4	4	85,74	86,57	0,83	1	1	Habituation	Habituation
-900	10005	1	1	06.07.2018	12:45	8	5	5	87,12	93,73	6,61	1	1	Habituation	Habituation
-900	10005	1	1	06.07.2018	12:45	8	6	6	94,12	96,50	2,38	1	1	Habituation	Habituation
-900	10005	1	1	06.07.2018	12:45	8	7	7	96,88	101,14	4,26	1	1	Habituation	Habituation
-900	10005	1	1	06.07.2018	12:45	8	8	8	101,18	120,89	19,71	1	1	Habituation	Habituation
-900	10005	1	1	06.07.2018	12:45	8	9	9	120,99	124,16	3,17	1	1	Habituation	Habituation
-900	10005	1	1	06.07.2018	12:45	8	10	10	124,46	125,63	1,17	1	1	Habituation	Habituation
-900	10005	1	1	06.07.2018	12:45	8	11	11	125,81	141,63	15,82	1	1	Habituation	Habituation
-900	10005	1	1	06.07.2018	12:45	8	12	12	141,65	142,91	1,26	1	1	Habituation	Habituation
-900	10005	1	1	06.07.2018	12:45	8	13	13	142,91	143,53	0,62	1	1	Habituation	Habituation
-900	10005	1	1	06.07.2018	12:45	8	14	14	143,90	144,56	0,66	1	1	Habituation	Habituation
-900	10005	1	1	06.07.2018	12:45	8	15	15	144,56	145,11	0,55	1	1	Habituation	Habituation
-900	10005	1	1	06.07.2018	12:45	8	16	16	145,29	146,68	1,39	1	1	Habituation	Habituation
-900	10005	1	1	06.07.2018	12:45	8	17	17	146,68	148,14	1,46	1	1	Habituation	Habituation
-900	10005	1	1	06.07.2018	12:45	8	18	18	148,14	148,86	0,72	1	1	Habituation	Habituation
-900	10005	1	1	06.07.2018	12:45	8	19	19	148,86	150,84	1,98	1	1	Habituation	Habituation
-900	10005	1	1	06.07.2018	12:45	8	20	20	151,08	156,15	5,07	1	1	Habituation	Habituation
-900	10005	1	1	06.07.2018	12:45	8	21	21	156,54	159,35	2,81	1	1	Habituation	Habituation
-900	10005	1	1	06.07.2018	12:45	8	22	22	159,35	180,00	20,65	1	1	Habituation	Habituation
-900	10005	1	1	06.07.2018	12:49	9	1	1	0,00	1,66	1,66	1	1	Habituation	Habituation
-900	10005	1	1	06.07.2018	12:49	9	2	2	1,69	8,35	6,66	1	1	Habituation	Habituation
-900	10005	1	1	06.07.2018	12:49	9	3	3	8,39	37,12	28,73	1	1	Habituation	Habituation
-900	10005	1	1	06.07.2018	12:49	9	4	4	37,12	37,99	0,87	1	1	Habituation	Habituation
-900	10005	1	1	06.07.2018	12:49	9	5	5	39,43	39,96	0,53	1	1	Habituation	Habituation
-900	10005	1	1	06.07.2018	12:49	9	6	6	40,05	42,02	1,97	1	1	Habituation	Habituation
-900	10005	1	1	06.07.2018	12:49	9	7	7	42,71	43,37	0,66	1	1	Habituation	Habituation
-900	10005	1	1	06.07.2018	12:49	9	8	8	44,42	50,29	5,87	1	1	Habituation	Habituation
-900	10005	1	1	06.07.2018	12:49	9	9	9	53,15	53,72	0,57	1	1	Habituation	Habituation
-900	10005	1	1	06.07.2018	12:49	9	10	10	54,64	55,40	0,76	1	1	Habituation	Habituation
-900	10005	1	1	06.07.2018	12:49	9	11	11	55,40	56,12	0,72	1	1	Habituation	Habituation
-900	10005	1	1	06.07.2018	12:49	9	12	12	59,10	59,75	0,65	1	1	Habituation	Habituation
-900	10005	1	1	06.07.2018	12:49	9	13	13	60,07	61,23	1,16	1	1	Habituation	Habituation
-900	10005	1	1	06.07.2018	12:49	9	14	14	62,22	63,29	1,07	1	1	Habituation	Habituation
-900	10005	1	1	06.07.2018	12:49	9	15	15	63,32	64,24	0,92	1	1	Habituation	Habituation
-900	10005	1	1	06.07.2018	12:49	9	16	16	64,24	64,90	0,66	1	1	Habituation	Habituation
-900	10005	1	1	06.07.2018	12:49	9	17	17	66,55	67,62	1,07	1	1	Habituation	Habituation
-900	10005	1	1	06.07.2018	12:49	9	18	18	67,62	68,47	0,85	1	1	Habituation	Habituation
-900	10005	1	1	06.07.2018	12:49	9	19	19	68,75	69,32	0,57	1	1	Habituation	Habituation
-900	10005	1	1	06.07.2018	12:49	9	20	20	69,32	70,19	0,87	1	1	Habituation	Habituation
-900	10005	1	1	06.07.2018	12:49	9	21	21	70,42	71,04	0,62	1	1	Habituation	Habituation
-900	10005	1	1	06.07.2018	12:49	9	22	22	73,19	73,81	0,62	1	1	Habituation	Habituation
-900	10005	1	1	06.07.2018	12:49	9	23	23	73,81	75,04	1,23	1	1	Habituation	Habituation
-900	10005	1	1	06.07.2018	12:49	9	24	24	75,28	76,54	1,26	1	1	Habituation	Habituation
-900	10005	1	1	06.07.2018	12:49	9	25	25	76,95	78,04	1,09	1	1	Habituation	Habituation
-900	10005	1	1	06.07.2018	12:49	9	26	26	78,05	79,79	1,74	1	1	Habituation	Habituation
-900	10005	1	1	06.07.2018	12:49	9	27	27	79,79	80,49	0,70	1	1	Habituation	Habituation
-900	10005	1	1	06.07.2018	12:49	9	28	28	81,50	82,56	1,06	1	1	Habituation	Habituation
-900	10005	1	1	06.07.2018	12:49	9	29	29	84,43	85,21	0,78	1	1	Habituation	Habituation
-900	10005	1	1	06.07.2018	12:49	9	30	30	85,81	87,57	1,76	1	1	Habituation	Habituation
-900	10005	1	1	06.07.2018	12:49	9	31	31	87,57	88,61	1,04	1	1	Habituation	Habituation
-900	10005	1	1	06.07.2018	12:49	9	32	32	88,93	89,68	0,75	1	1	Habituation	Habituation
-900	10005	1	1	06.07.2018	12:49	9	33	33	89,68	90,32	0,64	1	1	Habituation	Habituation
-900	10005	1	1	06.07.2018	12:49	9	34	34	91,70	97,35	5,65	1	1	Habituation	Habituation
-900	10005	1	1	06.07.2018	12:49	9	35	35	97,35	97,90	0,55	1	1	Habituation	Habituation
-900	10005	1	1	06.07.2018	12:49	9	36	36	97,90	99,50	1,60	1	1	Habituation	Habituation
-900	10005	1	1	06.07.2018	12:49	9	37	37	100,26	101,07	0,81	1	1	Habituation	Habituation
-900	10005	1	1	06.07.2018	12:49	9	38	38	101,15	101,66	0,51	1	1	Habituation	Habituation
-900	10005	1	1	06.07.2018	12:49	9	39	39	102,49	103,99	1,50	1	1	Habituation	Habituation
-900	10005	1	1	06.07.2018	12:49	9	40	40	104,70	105,21	0,51	1	1	Habituation	Habituation
-900	10005	1	1	06.07.2018	12:49	9	41	41	106,40	107,16	0,76	1	1	Habituation	Habituation
-900	10005	1	1	06.07.2018	12:49	9	42	42	109,67	110,38	0,71	1	1	Habituation	Habituation
-900	10005	1	1	06.07.2018	12:49	9	43	43	111,60	112,21	0,61	1	1	Habituation	Habituation
-900	10005	1	1	06.07.2018	12:49	9	44	44	114,94	115,49	0,55	1	1	Habituation	Habituation
-900	10005	1	1	06.07.2018	12:49	9	45	45	115,81	116,79	0,98	1	1	Habituation	Habituation
-900	10005	1	1	06.07.2018	12:49	9	46	46	117,60	120,05	2,45	1	1	Habituation	Habituation
-900	10005	1	1	06.07.2018	12:49	9	47	47	121,08	122,87	1,79	1	1	Habituation	Habituation
-900	10005	1	1	06.07.2018	12:49	9	48	48	123,37	124,86	1,49	1	1	Habituation	Habituation
-900	10005	1	1	06.07.2018	12:49	9	49	49	125,22	127,31	2,09	1	1	Habituation	Habituation
-900	10005	1	1	06.07.2018	12:49	9	50	50	127,33	127,99	0,66	1	1	Habituation	Habituation
-900	10005	1	1	06.07.2018	12:49	9	51	51	128,22	128,77	0,55	1	1	Habituation	Habituation
-900	10005	1	1	06.07.2018	12:49	9	52	52	128,80	130,97	2,17	1	1	Habituation	Habituation
-900	10005	1	1	06.07.2018	12:49	9	53	53	131,41	132,71	1,30	1	1	Habituation	Habituation
-900	10005	1	1	06.07.2018	12:49	9	54	54	133,35	135,76	2,41	1	1	Habituation	Habituation
-900	10005	1	1	06.07.2018	12:49	9	55	55	136,63	139,15	2,52	1	1	Habituation	Habituation
-900	10005	1	1	06.07.2018	12:49	9	56	56	139,75	140,55	0,80	1	1	Habituation	Habituation
-900	10005	1	1	06.07.2018	12:49	9	57	57	142,52	143,25	0,73	1	1	Habituation	Habituation
-900	10005	1	1	06.07.2018	12:49	9	58	58	143,78	146,37	2,59	1	1	Habituation	Habituation
-900	10005	1	1	06.07.2018	12:49	9	59	59	147,74	148,36	0,62	1	1	Habituation	Habituation
-900	10005	1	1	06.07.2018	12:49	9	60	60	148,36	149,34	0,98	1	1	Habituation	Habituation
-900	10005	1	1	06.07.2018	12:49	9	61	61	150,21	155,27	5,06	1	1	Habituation	Habituation
-900	10005	1	1	06.07.2018	12:49	9	62	62	155,27	158,89	3,62	1	1	Habituation	Habituation
-900	10005	1	1	06.07.2018	12:49	9	63	63	159,12	162,47	3,35	1	1	Habituation	Habituation
-900	10005	1	1	06.07.2018	12:49	9	64	64	162,51	163,25	0,74	1	1	Habituation	Habituation
-900	10005	1	1	06.07.2018	12:49	9	65	65	165,83	168,90	3,07	1	1	Habituation	Habituation
-900	10005	1	1	06.07.2018	12:49	9	66	66	169,31	170,60	1,29	1	1	Habituation	Habituation
-900	10005	1	1	06.07.2018	12:49	9	67	67	171,47	172,36	0,89	1	1	Habituation	Habituation
-900	10005	1	1	06.07.2018	12:49	9	68	68	172,84	174,37	1,53	1	1	Habituation	Habituation
-900	10005	1	1	06.07.2018	12:49	9	69	69	175,57	180,00	4,43	1	1	Habituation	Habituation
-900	10005	1	1	06.07.2018	12:52	10	1	1	1,72	2,23	0,51	1	1	Habituation	Habituation
-900	10005	1	1	06.07.2018	12:52	10	2	2	3,10	5,02	1,92	1	1	Habituation	Habituation
-900	10005	1	1	06.07.2018	12:52	10	3	3	5,39	5,91	0,52	1	1	Habituation	Habituation
-900	10005	1	1	06.07.2018	12:52	10	4	4	6,67	7,33	0,66	1	1	Habituation	Habituation
-900	10005	1	1	06.07.2018	12:52	10	5	5	7,33	8,61	1,28	1	1	Habituation	Habituation
-900	10005	1	1	06.07.2018	12:52	10	6	6	8,61	9,14	0,53	1	1	Habituation	Habituation
-900	10005	1	1	06.07.2018	12:52	10	7	7	9,76	10,43	0,67	1	1	Habituation	Habituation
-900	10005	1	1	06.07.2018	12:52	10	8	8	10,45	11,66	1,21	1	1	Habituation	Habituation
-900	10005	1	1	06.07.2018	12:52	10	9	9	12,81	14,15	1,34	1	1	Habituation	Habituation
-900	10005	1	1	06.07.2018	12:52	10	10	10	14,27	17,66	3,39	1	1	Habituation	Habituation
-900	10005	1	1	06.07.2018	12:52	10	11	11	20,86	21,68	0,82	1	1	Habituation	Habituation
-900	10005	1	1	06.07.2018	12:52	10	12	12	21,68	23,93	2,25	1	1	Habituation	Habituation
-900	10005	1	1	06.07.2018	12:52	10	13	13	24,61	25,16	0,55	1	1	Habituation	Habituation
-900	10005	1	1	06.07.2018	12:52	10	14	14	25,23	25,83	0,60	1	1	Habituation	Habituation
-900	10005	1	1	06.07.2018	12:52	10	15	15	27,09	27,96	0,87	1	1	Habituation	Habituation
-900	10005	1	1	06.07.2018	12:52	10	16	16	28,16	28,83	0,67	1	1	Habituation	Habituation
-900	10005	1	1	06.07.2018	12:52	10	17	17	34,83	35,51	0,68	1	1	Habituation	Habituation
-900	10005	1	1	06.07.2018	12:52	10	18	18	35,51	36,29	0,78	1	1	Habituation	Habituation
-900	10005	1	1	06.07.2018	12:52	10	19	19	38,37	39,42	1,05	1	1	Habituation	Habituation
-900	10005	1	1	06.07.2018	12:52	10	20	20	40,71	65,62	24,91	1	1	Habituation	Habituation
-900	10005	1	1	06.07.2018	12:52	10	21	21	65,66	66,85	1,19	1	1	Habituation	Habituation
-900	10005	1	1	06.07.2018	12:52	10	22	22	67,20	97,62	30,42	1	1	Habituation	Habituation
-900	10005	1	1	06.07.2018	12:52	10	23	23	98,58	100,69	2,11	1	1	Habituation	Habituation
-900	10005	1	1	06.07.2018	12:52	10	24	24	100,69	101,85	1,16	1	1	Habituation	Habituation
-900	10005	1	1	06.07.2018	12:52	10	25	25	101,85	117,58	15,73	1	1	Habituation	Habituation
-900	10005	1	1	06.07.2018	12:52	10	26	26	117,58	118,40	0,82	1	1	Habituation	Habituation
-900	10005	1	1	06.07.2018	12:52	10	27	27	118,40	119,36	0,96	1	1	Habituation	Habituation
-900	10005	1	1	06.07.2018	12:52	10	28	28	119,48	121,27	1,79	1	1	Habituation	Habituation
-900	10005	1	1	06.07.2018	12:52	10	29	29	121,27	122,13	0,86	1	1	Habituation	Habituation
-900	10005	1	1	06.07.2018	12:52	10	30	30	122,13	180,00	57,87	1	1	Habituation	Habituation
-900	10006	1	1	06.06.2018	13:47	1	1	1	0,00	5,44	5,44	1	1	Habituation	Habituation
-900	10006	1	1	06.06.2018	13:47	1	2	2	5,44	7,99	2,55	1	1	Habituation	Habituation
-900	10006	1	1	06.06.2018	13:47	1	3	3	7,99	10,27	2,28	1	1	Habituation	Habituation
-900	10006	1	1	06.06.2018	13:47	1	4	4	10,36	11,89	1,53	1	1	Habituation	Habituation
-900	10006	1	1	06.06.2018	13:47	1	5	5	12,31	13,94	1,63	1	1	Habituation	Habituation
-900	10006	1	1	06.06.2018	13:47	1	6	6	14,25	14,98	0,73	1	1	Habituation	Habituation
-900	10006	1	1	06.06.2018	13:47	1	7	7	15,79	19,94	4,15	1	1	Habituation	Habituation
-900	10006	1	1	06.06.2018	13:47	1	8	8	19,96	20,83	0,87	1	1	Habituation	Habituation
-900	10006	1	1	06.06.2018	13:47	1	9	9	20,94	22,19	1,25	1	1	Habituation	Habituation
-900	10006	1	1	06.06.2018	13:47	1	10	10	22,23	22,76	0,53	1	1	Habituation	Habituation
-900	10006	1	1	06.06.2018	13:47	1	11	11	23,44	24,16	0,72	1	1	Habituation	Habituation
-900	10006	1	1	06.06.2018	13:47	1	12	12	25,11	26,74	1,63	1	1	Habituation	Habituation
-900	10006	1	1	06.06.2018	13:47	1	13	13	27,02	28,08	1,06	1	1	Habituation	Habituation
-900	10006	1	1	06.06.2018	13:47	1	14	14	28,08	28,79	0,71	1	1	Habituation	Habituation
-900	10006	1	1	06.06.2018	13:47	1	15	15	29,40	44,43	15,03	1	1	Habituation	Habituation
-900	10006	1	1	06.06.2018	13:47	1	16	16	45,45	54,27	8,82	1	1	Habituation	Habituation
-900	10006	1	1	06.06.2018	13:47	1	17	17	54,43	59,15	4,72	1	1	Habituation	Habituation
-900	10006	1	1	06.06.2018	13:47	1	18	18	59,53	73,66	14,13	1	1	Habituation	Habituation
-900	10006	1	1	06.06.2018	13:47	1	19	19	73,68	74,47	0,79	1	1	Habituation	Habituation
-900	10006	1	1	06.06.2018	13:47	1	20	20	74,48	113,26	38,78	1	1	Habituation	Habituation
-900	10006	1	1	06.06.2018	13:47	1	21	21	113,26	118,58	5,32	1	1	Habituation	Habituation
-900	10006	1	1	06.06.2018	13:47	1	22	22	118,58	140,65	22,07	1	1	Habituation	Habituation
-900	10006	1	1	06.06.2018	13:47	1	23	23	140,84	149,16	8,32	1	1	Habituation	Habituation
-900	10006	1	1	06.06.2018	13:47	1	24	24	149,27	161,81	12,54	1	1	Habituation	Habituation
-900	10006	1	1	06.06.2018	13:47	1	25	25	161,81	162,38	0,57	1	1	Habituation	Habituation
-900	10006	1	1	06.06.2018	13:47	1	26	26	162,38	163,78	1,40	1	1	Habituation	Habituation
-900	10006	1	1	06.06.2018	13:47	1	27	27	163,78	165,39	1,61	1	1	Habituation	Habituation
-900	10006	1	1	06.06.2018	13:47	1	28	28	165,39	174,49	9,10	1	1	Habituation	Habituation
-900	10006	1	1	06.06.2018	13:47	1	29	29	174,49	176,72	2,23	1	1	Habituation	Habituation
-900	10006	1	1	06.06.2018	13:47	1	30	30	176,72	180,00	3,28	1	1	Habituation	Habituation
-900	10006	1	1	06.06.2018	13:50	2	1	1	0,00	0,58	0,58	1	1	Habituation	Habituation
-900	10006	1	1	06.06.2018	13:50	2	2	2	1,04	2,29	1,25	1	1	Habituation	Habituation
-900	10006	1	1	06.06.2018	13:50	2	3	3	2,31	3,94	1,63	1	1	Habituation	Habituation
-900	10006	1	1	06.06.2018	13:50	2	4	4	3,94	4,85	0,91	1	1	Habituation	Habituation
-900	10006	1	1	06.06.2018	13:50	2	5	5	4,85	10,78	5,93	1	1	Habituation	Habituation
-900	10006	1	1	06.06.2018	13:50	2	6	6	10,78	11,90	1,12	1	1	Habituation	Habituation
-900	10006	1	1	06.06.2018	13:50	2	7	7	11,90	27,70	15,80	1	1	Habituation	Habituation
-900	10006	1	1	06.06.2018	13:50	2	8	8	27,79	30,45	2,66	1	1	Habituation	Habituation
-900	10006	1	1	06.06.2018	13:50	2	9	9	31,35	32,67	1,32	1	1	Habituation	Habituation
-900	10006	1	1	06.06.2018	13:50	2	10	10	32,67	33,35	0,68	1	1	Habituation	Habituation
-900	10006	1	1	06.06.2018	13:50	2	11	11	36,11	37,50	1,39	1	1	Habituation	Habituation
-900	10006	1	1	06.06.2018	13:50	2	12	12	38,36	39,15	0,79	1	1	Habituation	Habituation
-900	10006	1	1	06.06.2018	13:50	2	13	13	43,80	44,50	0,70	1	1	Habituation	Habituation
-900	10006	1	1	06.06.2018	13:50	2	14	14	45,57	46,14	0,57	1	1	Habituation	Habituation
-900	10006	1	1	06.06.2018	13:50	2	15	15	46,14	47,07	0,93	1	1	Habituation	Habituation
-900	10006	1	1	06.06.2018	13:50	2	16	16	47,07	48,25	1,18	1	1	Habituation	Habituation
-900	10006	1	1	06.06.2018	13:50	2	17	17	48,76	49,27	0,51	1	1	Habituation	Habituation
-900	10006	1	1	06.06.2018	13:50	2	18	18	50,54	51,21	0,67	1	1	Habituation	Habituation
-900	10006	1	1	06.06.2018	13:50	2	19	19	51,67	52,24	0,57	1	1	Habituation	Habituation
-900	10006	1	1	06.06.2018	13:50	2	20	20	54,14	54,66	0,52	1	1	Habituation	Habituation
-900	10006	1	1	06.06.2018	13:50	2	21	21	56,14	56,79	0,65	1	1	Habituation	Habituation
-900	10006	1	1	06.06.2018	13:50	2	22	22	58,42	58,99	0,57	1	1	Habituation	Habituation
-900	10006	1	1	06.06.2018	13:50	2	23	23	60,44	61,12	0,68	1	1	Habituation	Habituation
-900	10006	1	1	06.06.2018	13:50	2	24	24	61,46	62,23	0,77	1	1	Habituation	Habituation
-900	10006	1	1	06.06.2018	13:50	2	25	25	64,20	64,84	0,64	1	1	Habituation	Habituation
-900	10006	1	1	06.06.2018	13:50	2	26	26	65,04	72,75	7,71	1	1	Habituation	Habituation
-900	10006	1	1	06.06.2018	13:50	2	27	27	76,59	79,97	3,38	1	1	Habituation	Habituation
-900	10006	1	1	06.06.2018	13:50	2	28	28	85,30	86,04	0,74	1	1	Habituation	Habituation
-900	10006	1	1	06.06.2018	13:50	2	29	29	86,52	87,04	0,52	1	1	Habituation	Habituation
-900	10006	1	1	06.06.2018	13:50	2	30	30	87,48	88,95	1,47	1	1	Habituation	Habituation
-900	10006	1	1	06.06.2018	13:50	2	31	31	88,95	89,49	0,54	1	1	Habituation	Habituation
-900	10006	1	1	06.06.2018	13:50	2	32	32	91,24	92,10	0,86	1	1	Habituation	Habituation
-900	10006	1	1	06.06.2018	13:50	2	33	33	95,46	96,59	1,13	1	1	Habituation	Habituation
-900	10006	1	1	06.06.2018	13:50	2	34	34	97,02	98,77	1,75	1	1	Habituation	Habituation
-900	10006	1	1	06.06.2018	13:50	2	35	35	98,99	99,59	0,60	1	1	Habituation	Habituation
-900	10006	1	1	06.06.2018	13:50	2	36	36	100,35	100,86	0,51	1	1	Habituation	Habituation
-900	10006	1	1	06.06.2018	13:50	2	37	37	100,86	101,70	0,84	1	1	Habituation	Habituation
-900	10006	1	1	06.06.2018	13:50	2	38	38	101,72	102,26	0,54	1	1	Habituation	Habituation
-900	10006	1	1	06.06.2018	13:50	2	39	39	102,28	106,02	3,74	1	1	Habituation	Habituation
-900	10006	1	1	06.06.2018	13:50	2	40	40	107,64	113,06	5,42	1	1	Habituation	Habituation
-900	10006	1	1	06.06.2018	13:50	2	41	41	114,33	116,37	2,04	1	1	Habituation	Habituation
-900	10006	1	1	06.06.2018	13:50	2	42	42	121,02	122,90	1,88	1	1	Habituation	Habituation
-900	10006	1	1	06.06.2018	13:50	2	43	43	122,90	127,91	5,01	1	1	Habituation	Habituation
-900	10006	1	1	06.06.2018	13:50	2	44	44	131,11	131,74	0,63	1	1	Habituation	Habituation
-900	10006	1	1	06.06.2018	13:50	2	45	45	132,38	132,90	0,52	1	1	Habituation	Habituation
-900	10006	1	1	06.06.2018	13:50	2	46	46	133,83	134,60	0,77	1	1	Habituation	Habituation
-900	10006	1	1	06.06.2018	13:50	2	47	47	136,84	137,77	0,93	1	1	Habituation	Habituation
-900	10006	1	1	06.06.2018	13:50	2	48	48	138,11	138,86	0,75	1	1	Habituation	Habituation
-900	10006	1	1	06.06.2018	13:50	2	49	49	138,89	140,54	1,65	1	1	Habituation	Habituation
-900	10006	1	1	06.06.2018	13:50	2	50	50	141,22	141,77	0,55	1	1	Habituation	Habituation
-900	10006	1	1	06.06.2018	13:50	2	51	51	145,15	147,98	2,83	1	1	Habituation	Habituation
-900	10006	1	1	06.06.2018	13:50	2	52	52	149,61	151,13	1,52	1	1	Habituation	Habituation
-900	10006	1	1	06.06.2018	13:50	2	53	53	152,02	152,59	0,57	1	1	Habituation	Habituation
-900	10006	1	1	06.06.2018	13:50	2	54	54	153,33	153,93	0,60	1	1	Habituation	Habituation
-900	10006	1	1	06.06.2018	13:50	2	55	55	156,08	156,62	0,54	1	1	Habituation	Habituation
-900	10006	1	1	06.06.2018	13:50	2	56	56	156,67	157,26	0,59	1	1	Habituation	Habituation
-900	10006	1	1	06.06.2018	13:50	2	57	57	157,42	158,57	1,15	1	1	Habituation	Habituation
-900	10006	1	1	06.06.2018	13:50	2	58	58	159,09	159,75	0,66	1	1	Habituation	Habituation
-900	10006	1	1	06.06.2018	13:50	2	59	59	160,03	161,07	1,04	1	1	Habituation	Habituation
-900	10006	1	1	06.06.2018	13:50	2	60	60	163,31	165,78	2,47	1	1	Habituation	Habituation
-900	10006	1	1	06.06.2018	13:50	2	61	61	167,10	167,96	0,86	1	1	Habituation	Habituation
-900	10006	1	1	06.06.2018	13:50	2	62	62	169,07	171,77	2,70	1	1	Habituation	Habituation
-900	10006	1	1	06.06.2018	13:50	2	63	63	171,79	172,36	0,57	1	1	Habituation	Habituation
-900	10006	1	1	06.06.2018	13:50	2	64	64	173,48	174,18	0,70	1	1	Habituation	Habituation
-900	10006	1	1	06.06.2018	13:50	2	65	65	176,88	177,90	1,02	1	1	Habituation	Habituation
-900	10006	1	1	06.06.2018	13:54	3	1	1	0,00	4,34	4,34	1	1	Habituation	Habituation
-900	10006	1	1	06.06.2018	13:54	3	2	2	8,13	8,94	0,81	1	1	Habituation	Habituation
-900	10006	1	1	06.06.2018	13:54	3	3	3	9,10	17,31	8,21	1	1	Habituation	Habituation
-900	10006	1	1	06.06.2018	13:54	3	4	4	20,76	21,30	0,54	1	1	Habituation	Habituation
-900	10006	1	1	06.06.2018	13:54	3	5	5	21,39	22,37	0,98	1	1	Habituation	Habituation
-900	10006	1	1	06.06.2018	13:54	3	6	6	22,37	23,57	1,20	1	1	Habituation	Habituation
-900	10006	1	1	06.06.2018	13:54	3	7	7	24,21	25,05	0,84	1	1	Habituation	Habituation
-900	10006	1	1	06.06.2018	13:54	3	8	8	25,11	25,91	0,80	1	1	Habituation	Habituation
-900	10006	1	1	06.06.2018	13:54	3	9	9	25,98	29,42	3,44	1	1	Habituation	Habituation
-900	10006	1	1	06.06.2018	13:54	3	10	10	37,95	38,48	0,53	1	1	Habituation	Habituation
-900	10006	1	1	06.06.2018	13:54	3	11	11	39,72	41,17	1,45	1	1	Habituation	Habituation
-900	10006	1	1	06.06.2018	13:54	3	12	12	43,06	44,75	1,69	1	1	Habituation	Habituation
-900	10006	1	1	06.06.2018	13:54	3	13	13	45,01	45,59	0,58	1	1	Habituation	Habituation
-900	10006	1	1	06.06.2018	13:54	3	14	14	47,55	50,45	2,90	1	1	Habituation	Habituation
-900	10006	1	1	06.06.2018	13:54	3	15	15	54,46	55,26	0,80	1	1	Habituation	Habituation
-900	10006	1	1	06.06.2018	13:54	3	16	16	56,03	56,96	0,93	1	1	Habituation	Habituation
-900	10006	1	1	06.06.2018	13:54	3	17	17	57,12	57,68	0,56	1	1	Habituation	Habituation
-900	10006	1	1	06.06.2018	13:54	3	18	18	57,78	58,71	0,93	1	1	Habituation	Habituation
-900	10006	1	1	06.06.2018	13:54	3	19	19	59,22	61,59	2,37	1	1	Habituation	Habituation
-900	10006	1	1	06.06.2018	13:54	3	20	20	61,99	62,51	0,52	1	1	Habituation	Habituation
-900	10006	1	1	06.06.2018	13:54	3	21	21	63,42	74,10	10,68	1	1	Habituation	Habituation
-900	10006	1	1	06.06.2018	13:54	3	22	22	74,29	77,24	2,95	1	1	Habituation	Habituation
-900	10006	1	1	06.06.2018	13:54	3	23	23	77,58	78,21	0,63	1	1	Habituation	Habituation
-900	10006	1	1	06.06.2018	13:54	3	24	24	80,37	81,61	1,24	1	1	Habituation	Habituation
-900	10006	1	1	06.06.2018	13:54	3	25	25	81,79	82,48	0,69	1	1	Habituation	Habituation
-900	10006	1	1	06.06.2018	13:54	3	26	26	82,48	85,67	3,19	1	1	Habituation	Habituation
-900	10006	1	1	06.06.2018	13:54	3	27	27	85,67	89,73	4,06	1	1	Habituation	Habituation
-900	10006	1	1	06.06.2018	13:54	3	28	28	90,21	91,19	0,98	1	1	Habituation	Habituation
-900	10006	1	1	06.06.2018	13:54	3	29	29	93,14	99,65	6,51	1	1	Habituation	Habituation
-900	10006	1	1	06.06.2018	13:54	3	30	30	99,71	100,53	0,82	1	1	Habituation	Habituation
-900	10006	1	1	06.06.2018	13:54	3	31	31	100,53	104,93	4,40	1	1	Habituation	Habituation
-900	10006	1	1	06.06.2018	13:54	3	32	32	105,20	105,79	0,59	1	1	Habituation	Habituation
-900	10006	1	1	06.06.2018	13:54	3	33	33	105,86	107,76	1,90	1	1	Habituation	Habituation
-900	10006	1	1	06.06.2018	13:54	3	34	34	107,76	110,90	3,14	1	1	Habituation	Habituation
-900	10006	1	1	06.06.2018	13:54	3	35	35	114,39	115,64	1,25	1	1	Habituation	Habituation
-900	10006	1	1	06.06.2018	13:54	3	36	36	116,43	116,98	0,55	1	1	Habituation	Habituation
-900	10006	1	1	06.06.2018	13:54	3	37	37	117,00	137,25	20,25	1	1	Habituation	Habituation
-900	10006	1	1	06.06.2018	13:54	3	38	38	137,25	138,07	0,82	1	1	Habituation	Habituation
-900	10006	1	1	06.06.2018	13:54	3	39	39	139,34	141,90	2,56	1	1	Habituation	Habituation
-900	10006	1	1	06.06.2018	13:54	3	40	40	141,93	143,56	1,63	1	1	Habituation	Habituation
-900	10006	1	1	06.06.2018	13:54	3	41	41	143,56	145,47	1,91	1	1	Habituation	Habituation
-900	10006	1	1	06.06.2018	13:54	3	42	42	145,47	146,65	1,18	1	1	Habituation	Habituation
-900	10006	1	1	06.06.2018	13:54	3	43	43	146,90	147,78	0,88	1	1	Habituation	Habituation
-900	10006	1	1	06.06.2018	13:54	3	44	44	147,78	148,30	0,52	1	1	Habituation	Habituation
-900	10006	1	1	06.06.2018	13:54	3	45	45	148,30	152,55	4,25	1	1	Habituation	Habituation
-900	10006	1	1	06.06.2018	13:54	3	46	46	152,59	154,09	1,50	1	1	Habituation	Habituation
-900	10006	1	1	06.06.2018	13:54	3	47	47	154,09	156,49	2,40	1	1	Habituation	Habituation
-900	10006	1	1	06.06.2018	13:54	3	48	48	156,50	160,62	4,12	1	1	Habituation	Habituation
-900	10006	1	1	06.06.2018	13:54	3	49	49	160,62	161,62	1,00	1	1	Habituation	Habituation
-900	10006	1	1	06.06.2018	13:54	3	50	50	161,62	163,71	2,09	1	1	Habituation	Habituation
-900	10006	1	1	06.06.2018	13:54	3	51	51	163,71	164,34	0,63	1	1	Habituation	Habituation
-900	10006	1	1	06.06.2018	13:54	3	52	52	164,34	166,93	2,59	1	1	Habituation	Habituation
-900	10006	1	1	06.06.2018	13:54	3	53	53	166,95	168,88	1,93	1	1	Habituation	Habituation
-900	10006	1	1	06.06.2018	13:54	3	54	54	168,88	169,54	0,66	1	1	Habituation	Habituation
-900	10006	1	1	06.06.2018	13:54	3	55	55	169,79	170,40	0,61	1	1	Habituation	Habituation
-900	10006	1	1	06.06.2018	13:54	3	56	56	171,02	172,85	1,83	1	1	Habituation	Habituation
-900	10006	1	1	06.06.2018	13:54	3	57	57	172,87	180,00	7,13	1	1	Habituation	Habituation
-900	10006	1	1	06.06.2018	15:08	4	1	1	0,41	2,66	2,25	1	1	Habituation	Habituation
-900	10006	1	1	06.06.2018	15:08	4	2	2	3,32	4,50	1,18	1	1	Habituation	Habituation
-900	10006	1	1	06.06.2018	15:08	4	3	3	5,27	6,25	0,98	1	1	Habituation	Habituation
-900	10006	1	1	06.06.2018	15:08	4	4	4	6,68	7,20	0,52	1	1	Habituation	Habituation
-900	10006	1	1	06.06.2018	15:08	4	5	5	7,25	7,88	0,63	1	1	Habituation	Habituation
-900	10006	1	1	06.06.2018	15:08	4	6	6	8,76	9,33	0,57	1	1	Habituation	Habituation
-900	10006	1	1	06.06.2018	15:08	4	7	7	10,76	11,38	0,62	1	1	Habituation	Habituation
-900	10006	1	1	06.06.2018	15:08	4	8	8	12,76	13,56	0,80	1	1	Habituation	Habituation
-900	10006	1	1	06.06.2018	15:08	4	9	9	13,58	14,53	0,95	1	1	Habituation	Habituation
-900	10006	1	1	06.06.2018	15:08	4	10	10	15,30	16,19	0,89	1	1	Habituation	Habituation
-900	10006	1	1	06.06.2018	15:08	4	11	11	16,25	17,07	0,82	1	1	Habituation	Habituation
-900	10006	1	1	06.06.2018	15:08	4	12	12	17,84	18,69	0,85	1	1	Habituation	Habituation
-900	10006	1	1	06.06.2018	15:08	4	13	13	19,32	20,02	0,70	1	1	Habituation	Habituation
-900	10006	1	1	06.06.2018	15:08	4	14	14	20,14	20,80	0,66	1	1	Habituation	Habituation
-900	10006	1	1	06.06.2018	15:08	4	15	15	21,34	22,27	0,93	1	1	Habituation	Habituation
-900	10006	1	1	06.06.2018	15:08	4	16	16	22,29	23,77	1,48	1	1	Habituation	Habituation
-900	10006	1	1	06.06.2018	15:08	4	17	17	23,86	24,61	0,75	1	1	Habituation	Habituation
-900	10006	1	1	06.06.2018	15:08	4	18	18	25,79	26,74	0,95	1	1	Habituation	Habituation
-900	10006	1	1	06.06.2018	15:08	4	19	19	27,52	29,63	2,11	1	1	Habituation	Habituation
-900	10006	1	1	06.06.2018	15:08	4	20	20	31,96	32,85	0,89	1	1	Habituation	Habituation
-900	10006	1	1	06.06.2018	15:08	4	21	21	33,51	34,17	0,66	1	1	Habituation	Habituation
-900	10006	1	1	06.06.2018	15:08	4	22	22	34,26	35,87	1,61	1	1	Habituation	Habituation
-900	10006	1	1	06.06.2018	15:08	4	23	23	36,89	37,53	0,64	1	1	Habituation	Habituation
-900	10006	1	1	06.06.2018	15:08	4	24	24	38,89	44,79	5,90	1	1	Habituation	Habituation
-900	10006	1	1	06.06.2018	15:08	4	25	25	44,81	47,51	2,70	1	1	Habituation	Habituation
-900	10006	1	1	06.06.2018	15:08	4	26	26	48,99	51,69	2,70	1	1	Habituation	Habituation
-900	10006	1	1	06.06.2018	15:08	4	27	27	51,69	53,03	1,34	1	1	Habituation	Habituation
-900	10006	1	1	06.06.2018	15:08	4	28	28	53,03	54,80	1,77	1	1	Habituation	Habituation
-900	10006	1	1	06.06.2018	15:08	4	29	29	54,86	55,63	0,77	1	1	Habituation	Habituation
-900	10006	1	1	06.06.2018	15:08	4	30	30	55,72	60,70	4,98	1	1	Habituation	Habituation
-900	10006	1	1	06.06.2018	15:08	4	31	31	61,47	64,56	3,09	1	1	Habituation	Habituation
-900	10006	1	1	06.06.2018	15:08	4	32	32	65,19	67,80	2,61	1	1	Habituation	Habituation
-900	10006	1	1	06.06.2018	15:08	4	33	33	67,80	68,37	0,57	1	1	Habituation	Habituation
-900	10006	1	1	06.06.2018	15:08	4	34	34	68,44	69,19	0,75	1	1	Habituation	Habituation
-900	10006	1	1	06.06.2018	15:08	4	35	35	69,21	70,48	1,27	1	1	Habituation	Habituation
-900	10006	1	1	06.06.2018	15:08	4	36	36	70,48	79,04	8,56	1	1	Habituation	Habituation
-900	10006	1	1	06.06.2018	15:08	4	37	37	79,04	79,88	0,84	1	1	Habituation	Habituation
-900	10006	1	1	06.06.2018	15:08	4	38	38	79,97	82,10	2,13	1	1	Habituation	Habituation
-900	10006	1	1	06.06.2018	15:08	4	39	39	82,10	83,58	1,48	1	1	Habituation	Habituation
-900	10006	1	1	06.06.2018	15:08	4	40	40	84,40	85,53	1,13	1	1	Habituation	Habituation
-900	10006	1	1	06.06.2018	15:08	4	41	41	86,15	87,07	0,92	1	1	Habituation	Habituation
-900	10006	1	1	06.06.2018	15:08	4	42	42	87,07	92,71	5,64	1	1	Habituation	Habituation
-900	10006	1	1	06.06.2018	15:08	4	43	43	92,84	93,52	0,68	1	1	Habituation	Habituation
-900	10006	1	1	06.06.2018	15:08	4	44	44	93,52	96,00	2,48	1	1	Habituation	Habituation
-900	10006	1	1	06.06.2018	15:08	4	45	45	96,47	97,38	0,91	1	1	Habituation	Habituation
-900	10006	1	1	06.06.2018	15:08	4	46	46	97,63	98,36	0,73	1	1	Habituation	Habituation
-900	10006	1	1	06.06.2018	15:08	4	47	47	98,79	99,54	0,75	1	1	Habituation	Habituation
-900	10006	1	1	06.06.2018	15:08	4	48	48	99,56	100,56	1,00	1	1	Habituation	Habituation
-900	10006	1	1	06.06.2018	15:08	4	49	49	101,24	104,81	3,57	1	1	Habituation	Habituation
-900	10006	1	1	06.06.2018	15:08	4	50	50	104,81	105,51	0,70	1	1	Habituation	Habituation
-900	10006	1	1	06.06.2018	15:08	4	51	51	106,17	109,01	2,84	1	1	Habituation	Habituation
-900	10006	1	1	06.06.2018	15:08	4	52	52	109,17	112,44	3,27	1	1	Habituation	Habituation
-900	10006	1	1	06.06.2018	15:08	4	53	53	114,02	114,96	0,94	1	1	Habituation	Habituation
-900	10006	1	1	06.06.2018	15:08	4	54	54	115,52	116,59	1,07	1	1	Habituation	Habituation
-900	10006	1	1	06.06.2018	15:08	4	55	55	116,71	117,27	0,56	1	1	Habituation	Habituation
-900	10006	1	1	06.06.2018	15:08	4	56	56	118,95	131,78	12,83	1	1	Habituation	Habituation
-900	10006	1	1	06.06.2018	15:08	4	57	57	131,78	134,81	3,03	1	1	Habituation	Habituation
-900	10006	1	1	06.06.2018	15:08	4	58	58	134,81	136,82	2,01	1	1	Habituation	Habituation
-900	10006	1	1	06.06.2018	15:08	4	59	59	136,82	138,05	1,23	1	1	Habituation	Habituation
-900	10006	1	1	06.06.2018	15:08	4	60	60	138,32	141,77	3,45	1	1	Habituation	Habituation
-900	10006	1	1	06.06.2018	15:08	4	61	61	142,19	145,25	3,06	1	1	Habituation	Habituation
-900	10006	1	1	06.06.2018	15:08	4	62	62	145,43	149,15	3,72	1	1	Habituation	Habituation
-900	10006	1	1	06.06.2018	15:08	4	63	63	150,65	152,63	1,98	1	1	Habituation	Habituation
-900	10006	1	1	06.06.2018	15:08	4	64	64	153,24	153,76	0,52	1	1	Habituation	Habituation
-900	10006	1	1	06.06.2018	15:08	4	65	65	153,81	154,38	0,57	1	1	Habituation	Habituation
-900	10006	1	1	06.06.2018	15:08	4	66	66	154,47	155,19	0,72	1	1	Habituation	Habituation
-900	10006	1	1	06.06.2018	15:08	4	67	67	157,29	158,96	1,67	1	1	Habituation	Habituation
-900	10006	1	1	06.06.2018	15:08	4	68	68	160,72	161,28	0,56	1	1	Habituation	Habituation
-900	10006	1	1	06.06.2018	15:08	4	69	69	162,78	163,33	0,55	1	1	Habituation	Habituation
-900	10006	1	1	06.06.2018	15:08	4	70	70	163,35	164,03	0,68	1	1	Habituation	Habituation
-900	10006	1	1	06.06.2018	15:08	4	71	71	164,05	165,14	1,09	1	1	Habituation	Habituation
-900	10006	1	1	06.06.2018	15:08	4	72	72	165,44	166,10	0,66	1	1	Habituation	Habituation
-900	10006	1	1	06.06.2018	15:08	4	73	73	166,12	168,78	2,66	1	1	Habituation	Habituation
-900	10006	1	1	06.06.2018	15:08	4	74	74	169,61	170,87	1,26	1	1	Habituation	Habituation
-900	10006	1	1	06.06.2018	15:08	4	75	75	171,14	171,71	0,57	1	1	Habituation	Habituation
-900	10006	1	1	06.06.2018	15:08	4	76	76	171,91	174,29	2,38	1	1	Habituation	Habituation
-900	10006	1	1	06.06.2018	15:08	4	77	77	174,68	176,32	1,64	1	1	Habituation	Habituation
-900	10006	1	1	06.06.2018	15:08	4	78	78	176,70	177,54	0,84	1	1	Habituation	Habituation
-900	10006	1	1	06.06.2018	15:08	4	79	79	177,83	178,79	0,96	1	1	Habituation	Habituation
-900	10006	1	1	06.06.2018	15:08	4	80	80	178,79	179,99	1,20	1	1	Habituation	Habituation
-900	10006	1	1	06.06.2018	15:11	5	1	1	0,84	1,95	1,11	1	1	Habituation	Habituation
-900	10006	1	1	06.06.2018	15:11	5	2	2	3,20	5,64	2,44	1	1	Habituation	Habituation
-900	10006	1	1	06.06.2018	15:11	5	3	3	5,64	8,75	3,11	1	1	Habituation	Habituation
-900	10006	1	1	06.06.2018	15:11	5	4	4	8,75	9,69	0,94	1	1	Habituation	Habituation
-900	10006	1	1	06.06.2018	15:11	5	5	5	10,53	12,00	1,47	1	1	Habituation	Habituation
-900	10006	1	1	06.06.2018	15:11	5	6	6	12,00	12,82	0,82	1	1	Habituation	Habituation
-900	10006	1	1	06.06.2018	15:11	5	7	7	14,63	15,29	0,66	1	1	Habituation	Habituation
-900	10006	1	1	06.06.2018	15:11	5	8	8	15,29	15,86	0,57	1	1	Habituation	Habituation
-900	10006	1	1	06.06.2018	15:11	5	9	9	16,20	23,56	7,36	1	1	Habituation	Habituation
-900	10006	1	1	06.06.2018	15:11	5	10	10	25,78	27,94	2,16	1	1	Habituation	Habituation
-900	10006	1	1	06.06.2018	15:11	5	11	11	27,99	28,66	0,67	1	1	Habituation	Habituation
-900	10006	1	1	06.06.2018	15:11	5	12	12	29,87	32,00	2,13	1	1	Habituation	Habituation
-900	10006	1	1	06.06.2018	15:11	5	13	13	34,79	35,45	0,66	1	1	Habituation	Habituation
-900	10006	1	1	06.06.2018	15:11	5	14	14	36,14	36,66	0,52	1	1	Habituation	Habituation
-900	10006	1	1	06.06.2018	15:11	5	15	15	37,41	39,20	1,79	1	1	Habituation	Habituation
-900	10006	1	1	06.06.2018	15:11	5	16	16	42,74	43,31	0,57	1	1	Habituation	Habituation
-900	10006	1	1	06.06.2018	15:11	5	17	17	44,17	44,94	0,77	1	1	Habituation	Habituation
-900	10006	1	1	06.06.2018	15:11	5	18	18	52,60	53,26	0,66	1	1	Habituation	Habituation
-900	10006	1	1	06.06.2018	15:11	5	19	19	55,93	56,46	0,53	1	1	Habituation	Habituation
-900	10006	1	1	06.06.2018	15:11	5	20	20	58,34	58,93	0,59	1	1	Habituation	Habituation
-900	10006	1	1	06.06.2018	15:11	5	21	21	59,64	60,66	1,02	1	1	Habituation	Habituation
-900	10006	1	1	06.06.2018	15:11	5	22	22	61,32	68,34	7,02	1	1	Habituation	Habituation
-900	10006	1	1	06.06.2018	15:11	5	23	23	69,04	70,10	1,06	1	1	Habituation	Habituation
-900	10006	1	1	06.06.2018	15:11	5	24	24	70,40	71,01	0,61	1	1	Habituation	Habituation
-900	10006	1	1	06.06.2018	15:11	5	25	25	71,02	71,67	0,65	1	1	Habituation	Habituation
-900	10006	1	1	06.06.2018	15:11	5	26	26	71,67	72,63	0,96	1	1	Habituation	Habituation
-900	10006	1	1	06.06.2018	15:11	5	27	27	72,67	76,21	3,54	1	1	Habituation	Habituation
-900	10006	1	1	06.06.2018	15:11	5	28	28	78,57	79,89	1,32	1	1	Habituation	Habituation
-900	10006	1	1	06.06.2018	15:11	5	29	29	79,89	81,66	1,77	1	1	Habituation	Habituation
-900	10006	1	1	06.06.2018	15:11	5	30	30	81,66	82,26	0,60	1	1	Habituation	Habituation
-900	10006	1	1	06.06.2018	15:11	5	31	31	84,57	85,93	1,36	1	1	Habituation	Habituation
-900	10006	1	1	06.06.2018	15:11	5	32	32	87,29	88,18	0,89	1	1	Habituation	Habituation
-900	10006	1	1	06.06.2018	15:11	5	33	33	88,18	88,82	0,64	1	1	Habituation	Habituation
-900	10006	1	1	06.06.2018	15:11	5	34	34	89,34	90,59	1,25	1	1	Habituation	Habituation
-900	10006	1	1	06.06.2018	15:11	5	35	35	93,09	96,76	3,67	1	1	Habituation	Habituation
-900	10006	1	1	06.06.2018	15:11	5	36	36	98,54	104,87	6,33	1	1	Habituation	Habituation
-900	10006	1	1	06.06.2018	15:11	5	37	37	107,39	107,94	0,55	1	1	Habituation	Habituation
-900	10006	1	1	06.06.2018	15:11	5	38	38	108,78	112,69	3,91	1	1	Habituation	Habituation
-900	10006	1	1	06.06.2018	15:11	5	39	39	113,43	114,46	1,03	1	1	Habituation	Habituation
-900	10006	1	1	06.06.2018	15:11	5	40	40	119,31	124,67	5,36	1	1	Habituation	Habituation
-900	10006	1	1	06.06.2018	15:11	5	41	41	127,31	127,88	0,57	1	1	Habituation	Habituation
-900	10006	1	1	06.06.2018	15:11	5	42	42	128,03	130,71	2,68	1	1	Habituation	Habituation
-900	10006	1	1	06.06.2018	15:11	5	43	43	133,58	134,76	1,18	1	1	Habituation	Habituation
-900	10006	1	1	06.06.2018	15:11	5	44	44	135,14	136,53	1,39	1	1	Habituation	Habituation
-900	10006	1	1	06.06.2018	15:11	5	45	45	140,89	141,57	0,68	1	1	Habituation	Habituation
-900	10006	1	1	06.06.2018	15:11	5	46	46	141,57	143,27	1,70	1	1	Habituation	Habituation
-900	10006	1	1	06.06.2018	15:11	5	47	47	143,28	143,87	0,59	1	1	Habituation	Habituation
-900	10006	1	1	06.06.2018	15:11	5	48	48	143,89	144,86	0,97	1	1	Habituation	Habituation
-900	10006	1	1	06.06.2018	15:11	5	49	49	145,43	148,30	2,87	1	1	Habituation	Habituation
-900	10006	1	1	06.06.2018	15:11	5	50	50	150,72	151,36	0,64	1	1	Habituation	Habituation
-900	10006	1	1	06.06.2018	15:11	5	51	51	153,65	154,38	0,73	1	1	Habituation	Habituation
-900	10006	1	1	06.06.2018	15:11	5	52	52	155,10	159,07	3,97	1	1	Habituation	Habituation
-900	10006	1	1	06.06.2018	15:11	5	53	53	159,09	159,70	0,61	1	1	Habituation	Habituation
-900	10006	1	1	06.06.2018	15:11	5	54	54	160,68	161,29	0,61	1	1	Habituation	Habituation
-900	10006	1	1	06.06.2018	15:11	5	55	55	162,23	167,09	4,86	1	1	Habituation	Habituation
-900	10006	1	1	06.06.2018	15:11	5	56	56	171,19	172,63	1,44	1	1	Habituation	Habituation
-900	10006	1	1	06.06.2018	15:11	5	57	57	172,63	173,31	0,68	1	1	Habituation	Habituation
-900	10006	1	1	06.06.2018	15:11	5	58	58	173,96	174,56	0,60	1	1	Habituation	Habituation
-900	10006	1	1	06.06.2018	15:11	5	59	59	174,56	180,00	5,44	1	1	Habituation	Habituation
-900	10006	1	1	06.06.2018	15:15	6	1	1	1,82	2,89	1,07	1	1	Habituation	Habituation
-900	10006	1	1	06.06.2018	15:15	6	2	2	3,45	5,16	1,71	1	1	Habituation	Habituation
-900	10006	1	1	06.06.2018	15:15	6	3	3	5,20	8,16	2,96	1	1	Habituation	Habituation
-900	10006	1	1	06.06.2018	15:15	6	4	4	9,11	15,67	6,56	1	1	Habituation	Habituation
-900	10006	1	1	06.06.2018	15:15	6	5	5	16,42	17,46	1,04	1	1	Habituation	Habituation
-900	10006	1	1	06.06.2018	15:15	6	6	6	19,28	20,01	0,73	1	1	Habituation	Habituation
-900	10006	1	1	06.06.2018	15:15	6	7	7	20,24	21,23	0,99	1	1	Habituation	Habituation
-900	10006	1	1	06.06.2018	15:15	6	8	8	21,28	22,01	0,73	1	1	Habituation	Habituation
-900	10006	1	1	06.06.2018	15:15	6	9	9	25,19	26,35	1,16	1	1	Habituation	Habituation
-900	10006	1	1	06.06.2018	15:15	6	10	10	27,34	27,89	0,55	1	1	Habituation	Habituation
-900	10006	1	1	06.06.2018	15:15	6	11	11	29,12	30,75	1,63	1	1	Habituation	Habituation
-900	10006	1	1	06.06.2018	15:15	6	12	12	31,68	46,62	14,94	1	1	Habituation	Habituation
-900	10006	1	1	06.06.2018	15:15	6	13	13	46,62	48,46	1,84	1	1	Habituation	Habituation
-900	10006	1	1	06.06.2018	15:15	6	14	14	48,46	55,58	7,12	1	1	Habituation	Habituation
-900	10006	1	1	06.06.2018	15:15	6	15	15	56,05	58,41	2,36	1	1	Habituation	Habituation
-900	10006	1	1	06.06.2018	15:15	6	16	16	58,43	59,14	0,71	1	1	Habituation	Habituation
-900	10006	1	1	06.06.2018	15:15	6	17	17	59,14	60,89	1,75	1	1	Habituation	Habituation
-900	10006	1	1	06.06.2018	15:15	6	18	18	60,91	63,46	2,55	1	1	Habituation	Habituation
-900	10006	1	1	06.06.2018	15:15	6	19	19	63,46	64,00	0,54	1	1	Habituation	Habituation
-900	10006	1	1	06.06.2018	15:15	6	20	20	64,89	65,52	0,63	1	1	Habituation	Habituation
-900	10006	1	1	06.06.2018	15:15	6	21	21	65,54	68,66	3,12	1	1	Habituation	Habituation
-900	10006	1	1	06.06.2018	15:15	6	22	22	68,66	69,31	0,65	1	1	Habituation	Habituation
-900	10006	1	1	06.06.2018	15:15	6	23	23	69,59	71,18	1,59	1	1	Habituation	Habituation
-900	10006	1	1	06.06.2018	15:15	6	24	24	71,41	71,95	0,54	1	1	Habituation	Habituation
-900	10006	1	1	06.06.2018	15:15	6	25	25	72,52	83,12	10,60	1	1	Habituation	Habituation
-900	10006	1	1	06.06.2018	15:15	6	26	26	83,80	96,68	12,88	1	1	Habituation	Habituation
-900	10006	1	1	06.06.2018	15:15	6	27	27	96,93	104,13	7,20	1	1	Habituation	Habituation
-900	10006	1	1	06.06.2018	15:15	6	28	28	104,15	105,04	0,89	1	1	Habituation	Habituation
-900	10006	1	1	06.06.2018	15:15	6	29	29	105,52	110,11	4,59	1	1	Habituation	Habituation
-900	10006	1	1	06.06.2018	15:15	6	30	30	111,56	116,35	4,79	1	1	Habituation	Habituation
-900	10006	1	1	06.06.2018	15:15	6	31	31	116,76	117,85	1,09	1	1	Habituation	Habituation
-900	10006	1	1	06.06.2018	15:15	6	32	32	117,90	119,12	1,22	1	1	Habituation	Habituation
-900	10006	1	1	06.06.2018	15:15	6	33	33	119,47	120,31	0,84	1	1	Habituation	Habituation
-900	10006	1	1	06.06.2018	15:15	6	34	34	123,19	123,78	0,59	1	1	Habituation	Habituation
-900	10006	1	1	06.06.2018	15:15	6	35	35	123,90	124,73	0,83	1	1	Habituation	Habituation
-900	10006	1	1	06.06.2018	15:15	6	36	36	124,73	125,28	0,55	1	1	Habituation	Habituation
-900	10006	1	1	06.06.2018	15:15	6	37	37	125,28	126,89	1,61	1	1	Habituation	Habituation
-900	10006	1	1	06.06.2018	15:15	6	38	38	126,89	127,82	0,93	1	1	Habituation	Habituation
-900	10006	1	1	06.06.2018	15:15	6	39	39	128,21	128,73	0,52	1	1	Habituation	Habituation
-900	10006	1	1	06.06.2018	15:15	6	40	40	129,55	130,34	0,79	1	1	Habituation	Habituation
-900	10006	1	1	06.06.2018	15:15	6	41	41	131,76	134,30	2,54	1	1	Habituation	Habituation
-900	10006	1	1	06.06.2018	15:15	6	42	42	135,20	136,25	1,05	1	1	Habituation	Habituation
-900	10006	1	1	06.06.2018	15:15	6	43	43	136,25	137,14	0,89	1	1	Habituation	Habituation
-900	10006	1	1	06.06.2018	15:15	6	44	44	137,43	139,48	2,05	1	1	Habituation	Habituation
-900	10006	1	1	06.06.2018	15:15	6	45	45	142,00	143,77	1,77	1	1	Habituation	Habituation
-900	10006	1	1	06.06.2018	15:15	6	46	46	143,79	144,36	0,57	1	1	Habituation	Habituation
-900	10006	1	1	06.06.2018	15:15	6	47	47	144,81	145,59	0,78	1	1	Habituation	Habituation
-900	10006	1	1	06.06.2018	15:15	6	48	48	145,59	148,77	3,18	1	1	Habituation	Habituation
-900	10006	1	1	06.06.2018	15:15	6	49	49	149,58	152,11	2,53	1	1	Habituation	Habituation
-900	10006	1	1	06.06.2018	15:15	6	50	50	152,11	155,08	2,97	1	1	Habituation	Habituation
-900	10006	1	1	06.06.2018	15:15	6	51	51	155,67	160,35	4,68	1	1	Habituation	Habituation
-900	10006	1	1	06.06.2018	15:15	6	52	52	160,60	163,01	2,41	1	1	Habituation	Habituation
-900	10006	1	1	06.06.2018	15:15	6	53	53	163,14	175,41	12,27	1	1	Habituation	Habituation
-900	10006	1	1	06.06.2018	15:15	6	54	54	175,41	176,09	0,68	1	1	Habituation	Habituation
-900	10006	1	1	06.06.2018	15:15	6	55	55	176,59	179,99	3,40	1	1	Habituation	Habituation
-900	10006	1	1	06.07.2018	12:58	7	1	1	0,00	87,30	87,30	1	1	Habituation	Habituation
-900	10006	1	1	06.07.2018	12:58	7	2	2	87,32	103,52	16,20	1	1	Habituation	Habituation
-900	10006	1	1	06.07.2018	12:58	7	3	3	103,55	138,89	35,34	1	1	Habituation	Habituation
-900	10006	1	1	06.07.2018	12:58	7	4	4	138,92	180,00	41,08	1	1	Habituation	Habituation
-900	10006	1	1	06.07.2018	13:03	8	1	1	0,00	24,42	24,42	1	1	Habituation	Habituation
-900	10006	1	1	06.07.2018	13:03	8	2	2	24,42	25,06	0,64	1	1	Habituation	Habituation
-900	10006	1	1	06.07.2018	13:03	8	3	3	25,85	33,66	7,81	1	1	Habituation	Habituation
-900	10006	1	1	06.07.2018	13:03	8	4	4	33,66	34,34	0,68	1	1	Habituation	Habituation
-900	10006	1	1	06.07.2018	13:03	8	5	5	37,45	38,46	1,01	1	1	Habituation	Habituation
-900	10006	1	1	06.07.2018	13:03	8	6	6	38,83	39,35	0,52	1	1	Habituation	Habituation
-900	10006	1	1	06.07.2018	13:03	8	7	7	42,57	43,77	1,20	1	1	Habituation	Habituation
-900	10006	1	1	06.07.2018	13:03	8	8	8	44,95	45,78	0,83	1	1	Habituation	Habituation
-900	10006	1	1	06.07.2018	13:03	8	9	9	48,06	49,33	1,27	1	1	Habituation	Habituation
-900	10006	1	1	06.07.2018	13:03	8	10	10	54,84	55,64	0,80	1	1	Habituation	Habituation
-900	10006	1	1	06.07.2018	13:03	8	11	11	56,64	59,64	3,00	1	1	Habituation	Habituation
-900	10006	1	1	06.07.2018	13:03	8	12	12	60,40	62,62	2,22	1	1	Habituation	Habituation
-900	10006	1	1	06.07.2018	13:03	8	13	13	63,92	65,38	1,46	1	1	Habituation	Habituation
-900	10006	1	1	06.07.2018	13:03	8	14	14	67,55	68,22	0,67	1	1	Habituation	Habituation
-900	10006	1	1	06.07.2018	13:03	8	15	15	70,50	72,35	1,85	1	1	Habituation	Habituation
-900	10006	1	1	06.07.2018	13:03	8	16	16	74,64	75,55	0,91	1	1	Habituation	Habituation
-900	10006	1	1	06.07.2018	13:03	8	17	17	75,56	76,40	0,84	1	1	Habituation	Habituation
-900	10006	1	1	06.07.2018	13:03	8	18	18	76,83	78,21	1,38	1	1	Habituation	Habituation
-900	10006	1	1	06.07.2018	13:03	8	19	19	78,21	78,74	0,53	1	1	Habituation	Habituation
-900	10006	1	1	06.07.2018	13:03	8	20	20	82,14	84,27	2,13	1	1	Habituation	Habituation
-900	10006	1	1	06.07.2018	13:03	8	21	21	85,37	86,01	0,64	1	1	Habituation	Habituation
-900	10006	1	1	06.07.2018	13:03	8	22	22	86,40	88,80	2,40	1	1	Habituation	Habituation
-900	10006	1	1	06.07.2018	13:03	8	23	23	91,33	92,02	0,69	1	1	Habituation	Habituation
-900	10006	1	1	06.07.2018	13:03	8	24	24	93,18	94,17	0,99	1	1	Habituation	Habituation
-900	10006	1	1	06.07.2018	13:03	8	25	25	94,17	95,06	0,89	1	1	Habituation	Habituation
-900	10006	1	1	06.07.2018	13:03	8	26	26	95,06	97,88	2,82	1	1	Habituation	Habituation
-900	10006	1	1	06.07.2018	13:03	8	27	27	99,56	100,75	1,19	1	1	Habituation	Habituation
-900	10006	1	1	06.07.2018	13:03	8	28	28	100,75	105,35	4,60	1	1	Habituation	Habituation
-900	10006	1	1	06.07.2018	13:03	8	29	29	106,49	107,13	0,64	1	1	Habituation	Habituation
-900	10006	1	1	06.07.2018	13:03	8	30	30	107,16	108,34	1,18	1	1	Habituation	Habituation
-900	10006	1	1	06.07.2018	13:03	8	31	31	108,39	110,49	2,10	1	1	Habituation	Habituation
-900	10006	1	1	06.07.2018	13:03	8	32	32	110,52	112,30	1,78	1	1	Habituation	Habituation
-900	10006	1	1	06.07.2018	13:03	8	33	33	113,13	113,70	0,57	1	1	Habituation	Habituation
-900	10006	1	1	06.07.2018	13:03	8	34	34	113,79	114,84	1,05	1	1	Habituation	Habituation
-900	10006	1	1	06.07.2018	13:03	8	35	35	114,88	115,57	0,69	1	1	Habituation	Habituation
-900	10006	1	1	06.07.2018	13:03	8	36	36	115,96	117,01	1,05	1	1	Habituation	Habituation
-900	10006	1	1	06.07.2018	13:03	8	37	37	117,13	121,54	4,41	1	1	Habituation	Habituation
-900	10006	1	1	06.07.2018	13:03	8	38	38	121,54	122,15	0,61	1	1	Habituation	Habituation
-900	10006	1	1	06.07.2018	13:03	8	39	39	122,45	122,98	0,53	1	1	Habituation	Habituation
-900	10006	1	1	06.07.2018	13:03	8	40	40	123,05	123,73	0,68	1	1	Habituation	Habituation
-900	10006	1	1	06.07.2018	13:03	8	41	41	123,82	129,88	6,06	1	1	Habituation	Habituation
-900	10006	1	1	06.07.2018	13:03	8	42	42	130,59	137,93	7,34	1	1	Habituation	Habituation
-900	10006	1	1	06.07.2018	13:03	8	43	43	137,93	138,57	0,64	1	1	Habituation	Habituation
-900	10006	1	1	06.07.2018	13:03	8	44	44	140,17	141,04	0,87	1	1	Habituation	Habituation
-900	10006	1	1	06.07.2018	13:03	8	45	45	141,34	141,87	0,53	1	1	Habituation	Habituation
-900	10006	1	1	06.07.2018	13:03	8	46	46	144,33	145,23	0,90	1	1	Habituation	Habituation
-900	10006	1	1	06.07.2018	13:03	8	47	47	145,23	146,26	1,03	1	1	Habituation	Habituation
-900	10006	1	1	06.07.2018	13:03	8	48	48	147,58	151,26	3,68	1	1	Habituation	Habituation
-900	10006	1	1	06.07.2018	13:03	8	49	49	151,28	153,05	1,77	1	1	Habituation	Habituation
-900	10006	1	1	06.07.2018	13:03	8	50	50	153,07	153,64	0,57	1	1	Habituation	Habituation
-900	10006	1	1	06.07.2018	13:03	8	51	51	155,20	156,00	0,80	1	1	Habituation	Habituation
-900	10006	1	1	06.07.2018	13:03	8	52	52	157,42	161,67	4,25	1	1	Habituation	Habituation
-900	10006	1	1	06.07.2018	13:03	8	53	53	162,06	162,74	0,68	1	1	Habituation	Habituation
-900	10006	1	1	06.07.2018	13:03	8	54	54	162,81	163,84	1,03	1	1	Habituation	Habituation
-900	10006	1	1	06.07.2018	13:03	8	55	55	164,25	165,33	1,08	1	1	Habituation	Habituation
-900	10006	1	1	06.07.2018	13:03	8	56	56	165,88	166,54	0,66	1	1	Habituation	Habituation
-900	10006	1	1	06.07.2018	13:03	8	57	57	167,36	169,28	1,92	1	1	Habituation	Habituation
-900	10006	1	1	06.07.2018	13:03	8	58	58	169,30	171,57	2,27	1	1	Habituation	Habituation
-900	10006	1	1	06.07.2018	13:03	8	59	59	172,27	174,19	1,92	1	1	Habituation	Habituation
-900	10006	1	1	06.07.2018	13:03	8	60	60	175,34	176,25	0,91	1	1	Habituation	Habituation
-900	10006	1	1	06.07.2018	13:03	8	61	61	176,25	177,08	0,83	1	1	Habituation	Habituation
-900	10006	1	1	06.07.2018	13:03	8	62	62	177,62	179,11	1,49	1	1	Habituation	Habituation
-900	10006	1	1	06.07.2018	13:03	8	63	63	179,11	179,96	0,85	1	1	Habituation	Habituation
-900	10006	1	1	06.07.2018	13:06	9	1	1	1,62	2,13	0,51	1	1	Habituation	Habituation
-900	10006	1	1	06.07.2018	13:06	9	2	2	4,19	4,98	0,79	1	1	Habituation	Habituation
-900	10006	1	1	06.07.2018	13:06	9	3	3	4,98	7,41	2,43	1	1	Habituation	Habituation
-900	10006	1	1	06.07.2018	13:06	9	4	4	7,41	9,33	1,92	1	1	Habituation	Habituation
-900	10006	1	1	06.07.2018	13:06	9	5	5	10,03	15,89	5,86	1	1	Habituation	Habituation
-900	10006	1	1	06.07.2018	13:06	9	6	6	16,35	16,94	0,59	1	1	Habituation	Habituation
-900	10006	1	1	06.07.2018	13:06	9	7	7	17,78	18,33	0,55	1	1	Habituation	Habituation
-900	10006	1	1	06.07.2018	13:06	9	8	8	19,18	19,82	0,64	1	1	Habituation	Habituation
-900	10006	1	1	06.07.2018	13:06	9	9	9	19,86	20,39	0,53	1	1	Habituation	Habituation
-900	10006	1	1	06.07.2018	13:06	9	10	10	20,41	21,26	0,85	1	1	Habituation	Habituation
-900	10006	1	1	06.07.2018	13:06	9	11	11	22,35	24,71	2,36	1	1	Habituation	Habituation
-900	10006	1	1	06.07.2018	13:06	9	12	12	26,76	27,47	0,71	1	1	Habituation	Habituation
-900	10006	1	1	06.07.2018	13:06	9	13	13	27,77	30,19	2,42	1	1	Habituation	Habituation
-900	10006	1	1	06.07.2018	13:06	9	14	14	32,29	32,87	0,58	1	1	Habituation	Habituation
-900	10006	1	1	06.07.2018	13:06	9	15	15	37,58	38,70	1,12	1	1	Habituation	Habituation
-900	10006	1	1	06.07.2018	13:06	9	16	16	40,00	41,05	1,05	1	1	Habituation	Habituation
-900	10006	1	1	06.07.2018	13:06	9	17	17	41,05	41,62	0,57	1	1	Habituation	Habituation
-900	10006	1	1	06.07.2018	13:06	9	18	18	43,20	46,51	3,31	1	1	Habituation	Habituation
-900	10006	1	1	06.07.2018	13:06	9	19	19	46,51	48,34	1,83	1	1	Habituation	Habituation
-900	10006	1	1	06.07.2018	13:06	9	20	20	49,09	49,73	0,64	1	1	Habituation	Habituation
-900	10006	1	1	06.07.2018	13:06	9	21	21	49,80	50,54	0,74	1	1	Habituation	Habituation
-900	10006	1	1	06.07.2018	13:06	9	22	22	50,72	51,31	0,59	1	1	Habituation	Habituation
-900	10006	1	1	06.07.2018	13:06	9	23	23	51,36	54,01	2,65	1	1	Habituation	Habituation
-900	10006	1	1	06.07.2018	13:06	9	24	24	54,08	55,08	1,00	1	1	Habituation	Habituation
-900	10006	1	1	06.07.2018	13:06	9	25	25	55,54	62,74	7,20	1	1	Habituation	Habituation
-900	10006	1	1	06.07.2018	13:06	9	26	26	62,90	63,93	1,03	1	1	Habituation	Habituation
-900	10006	1	1	06.07.2018	13:06	9	27	27	63,97	67,20	3,23	1	1	Habituation	Habituation
-900	10006	1	1	06.07.2018	13:06	9	28	28	67,20	68,06	0,86	1	1	Habituation	Habituation
-900	10006	1	1	06.07.2018	13:06	9	29	29	68,09	68,64	0,55	1	1	Habituation	Habituation
-900	10006	1	1	06.07.2018	13:06	9	30	30	68,66	69,32	0,66	1	1	Habituation	Habituation
-900	10006	1	1	06.07.2018	13:06	9	31	31	69,83	71,86	2,03	1	1	Habituation	Habituation
-900	10006	1	1	06.07.2018	13:06	9	32	32	71,86	75,17	3,31	1	1	Habituation	Habituation
-900	10006	1	1	06.07.2018	13:06	9	33	33	76,14	77,44	1,30	1	1	Habituation	Habituation
-900	10006	1	1	06.07.2018	13:06	9	34	34	77,44	83,59	6,15	1	1	Habituation	Habituation
-900	10006	1	1	06.07.2018	13:06	9	35	35	83,59	92,22	8,63	1	1	Habituation	Habituation
-900	10006	1	1	06.07.2018	13:06	9	36	36	92,22	93,43	1,21	1	1	Habituation	Habituation
-900	10006	1	1	06.07.2018	13:06	9	37	37	93,76	104,02	10,26	1	1	Habituation	Habituation
-900	10006	1	1	06.07.2018	13:06	9	38	38	104,04	104,56	0,52	1	1	Habituation	Habituation
-900	10006	1	1	06.07.2018	13:06	9	39	39	105,11	108,24	3,13	1	1	Habituation	Habituation
-900	10006	1	1	06.07.2018	13:06	9	40	40	108,56	113,43	4,87	1	1	Habituation	Habituation
-900	10006	1	1	06.07.2018	13:06	9	41	41	113,48	114,30	0,82	1	1	Habituation	Habituation
-900	10006	1	1	06.07.2018	13:06	9	42	42	116,22	117,55	1,33	1	1	Habituation	Habituation
-900	10006	1	1	06.07.2018	13:06	9	43	43	118,87	120,02	1,15	1	1	Habituation	Habituation
-900	10006	1	1	06.07.2018	13:06	9	44	44	120,02	122,39	2,37	1	1	Habituation	Habituation
-900	10006	1	1	06.07.2018	13:06	9	45	45	123,03	124,88	1,85	1	1	Habituation	Habituation
-900	10006	1	1	06.07.2018	13:06	9	46	46	126,05	126,71	0,66	1	1	Habituation	Habituation
-900	10006	1	1	06.07.2018	13:06	9	47	47	126,97	127,78	0,81	1	1	Habituation	Habituation
-900	10006	1	1	06.07.2018	13:06	9	48	48	128,98	132,52	3,54	1	1	Habituation	Habituation
-900	10006	1	1	06.07.2018	13:06	9	49	49	132,88	135,99	3,11	1	1	Habituation	Habituation
-900	10006	1	1	06.07.2018	13:06	9	50	50	136,34	137,86	1,52	1	1	Habituation	Habituation
-900	10006	1	1	06.07.2018	13:06	9	51	51	138,39	138,98	0,59	1	1	Habituation	Habituation
-900	10006	1	1	06.07.2018	13:06	9	52	52	138,98	139,51	0,53	1	1	Habituation	Habituation
-900	10006	1	1	06.07.2018	13:06	9	53	53	139,56	140,42	0,86	1	1	Habituation	Habituation
-900	10006	1	1	06.07.2018	13:06	9	54	54	140,42	141,50	1,08	1	1	Habituation	Habituation
-900	10006	1	1	06.07.2018	13:06	9	55	55	141,50	142,50	1,00	1	1	Habituation	Habituation
-900	10006	1	1	06.07.2018	13:06	9	56	56	142,71	143,49	0,78	1	1	Habituation	Habituation
-900	10006	1	1	06.07.2018	13:06	9	57	57	144,97	154,05	9,08	1	1	Habituation	Habituation
-900	10006	1	1	06.07.2018	13:06	9	58	58	154,05	155,95	1,90	1	1	Habituation	Habituation
-900	10006	1	1	06.07.2018	13:06	9	59	59	155,95	157,80	1,85	1	1	Habituation	Habituation
-900	10006	1	1	06.07.2018	13:06	9	60	60	158,09	160,06	1,97	1	1	Habituation	Habituation
-900	10006	1	1	06.07.2018	13:06	9	61	61	161,27	162,11	0,84	1	1	Habituation	Habituation
-900	10006	1	1	06.07.2018	13:06	9	62	62	162,14	168,81	6,67	1	1	Habituation	Habituation
-900	10006	1	1	06.07.2018	13:06	9	63	63	168,81	180,00	11,19	1	1	Habituation	Habituation
