-110	23														
-120	Animal	Exp	Trial	Date	Time	Phase	Fre No. Phase	Fre No. Part	Time from [s]	Time to [s]	Dur. [s]	Part No. Start	Part No. End	Name Start	Name End
-130	3	3	3	1	1	3	3	3	2	2	2	3	3	1	1
-900	10005	1	1	05.07.2018	14:18	1	1	1	0,00	110,80	110,80	1	1	Habituation	Habituation
-900	10005	1	1	05.07.2018	14:18	1	2	2	110,82	165,23	54,41	1	1	Habituation	Habituation
-900	10005	1	1	05.07.2018	14:18	1	3	3	165,25	167,21	1,96	1	1	Habituation	Habituation
-900	10005	1	1	05.07.2018	14:18	1	4	4	167,23	180,00	12,77	1	1	Habituation	Habituation
-900	10005	1	1	05.07.2018	14:22	2	1	1	0,00	3,46	3,46	1	1	Habituation	Habituation
-900	10005	1	1	05.07.2018	14:22	2	2	2	3,80	34,86	31,06	1	1	Habituation	Habituation
-900	10005	1	1	05.07.2018	14:22	2	3	3	35,27	36,14	0,87	1	1	Habituation	Habituation
-900	10005	1	1	05.07.2018	14:22	2	4	4	36,48	37,08	0,60	1	1	Habituation	Habituation
-900	10005	1	1	05.07.2018	14:22	2	5	5	37,46	37,99	0,53	1	1	Habituation	Habituation
-900	10005	1	1	05.07.2018	14:22	2	6	6	39,09	39,96	0,87	1	1	Habituation	Habituation
-900	10005	1	1	05.07.2018	14:22	2	7	7	44,05	44,89	0,84	1	1	Habituation	Habituation
-900	10005	1	1	05.07.2018	14:22	2	8	8	52,53	53,08	0,55	1	1	Habituation	Habituation
-900	10005	1	1	05.07.2018	14:22	2	9	9	57,88	58,88	1,00	1	1	Habituation	Habituation
-900	10005	1	1	05.07.2018	14:22	2	10	10	82,79	83,43	0,64	1	1	Habituation	Habituation
-900	10005	1	1	05.07.2018	14:22	2	11	11	87,25	87,78	0,53	1	1	Habituation	Habituation
-900	10005	1	1	05.07.2018	14:22	2	12	12	98,80	99,42	0,62	1	1	Habituation	Habituation
-900	10005	1	1	05.07.2018	14:22	2	13	13	108,59	109,23	0,64	1	1	Habituation	Habituation
-900	10005	1	1	05.07.2018	14:22	2	14	14	117,28	117,86	0,58	1	1	Habituation	Habituation
-900	10005	1	1	05.07.2018	14:22	2	15	15	117,88	118,55	0,67	1	1	Habituation	Habituation
-900	10005	1	1	05.07.2018	14:22	2	16	16	120,94	121,75	0,81	1	1	Habituation	Habituation
-900	10005	1	1	05.07.2018	14:22	2	17	17	122,85	123,42	0,57	1	1	Habituation	Habituation
-900	10005	1	1	05.07.2018	14:22	2	18	18	128,24	129,09	0,85	1	1	Habituation	Habituation
-900	10005	1	1	05.07.2018	14:22	2	19	19	131,03	131,61	0,58	1	1	Habituation	Habituation
-900	10005	1	1	05.07.2018	14:22	2	20	20	133,87	135,56	1,69	1	1	Habituation	Habituation
-900	10005	1	1	05.07.2018	14:22	2	21	21	140,37	140,92	0,55	1	1	Habituation	Habituation
-900	10005	1	1	05.07.2018	14:22	2	22	22	141,32	142,35	1,03	1	1	Habituation	Habituation
-900	10005	1	1	05.07.2018	14:22	2	23	23	142,75	143,54	0,79	1	1	Habituation	Habituation
-900	10005	1	1	05.07.2018	14:22	2	24	24	144,34	144,85	0,51	1	1	Habituation	Habituation
-900	10005	1	1	05.07.2018	14:22	2	25	25	144,98	145,58	0,60	1	1	Habituation	Habituation
-900	10005	1	1	05.07.2018	14:22	2	26	26	147,93	148,48	0,55	1	1	Habituation	Habituation
-900	10005	1	1	05.07.2018	14:22	2	27	27	149,28	149,83	0,55	1	1	Habituation	Habituation
-900	10005	1	1	05.07.2018	14:22	2	28	28	150,72	151,30	0,58	1	1	Habituation	Habituation
-900	10005	1	1	05.07.2018	14:22	2	29	29	155,92	157,57	1,65	1	1	Habituation	Habituation
-900	10005	1	1	05.07.2018	14:22	2	30	30	157,57	158,78	1,21	1	1	Habituation	Habituation
-900	10005	1	1	05.07.2018	14:22	2	31	31	159,60	160,20	0,60	1	1	Habituation	Habituation
-900	10005	1	1	05.07.2018	14:22	2	32	32	161,71	162,83	1,12	1	1	Habituation	Habituation
-900	10005	1	1	05.07.2018	14:22	2	33	33	162,89	164,36	1,47	1	1	Habituation	Habituation
-900	10005	1	1	05.07.2018	14:22	2	34	34	164,84	165,64	0,80	1	1	Habituation	Habituation
-900	10005	1	1	05.07.2018	14:22	2	35	35	165,75	166,46	0,71	1	1	Habituation	Habituation
-900	10005	1	1	05.07.2018	14:22	2	36	36	166,70	167,31	0,61	1	1	Habituation	Habituation
-900	10005	1	1	05.07.2018	14:22	2	37	37	167,98	169,60	1,62	1	1	Habituation	Habituation
-900	10005	1	1	05.07.2018	14:22	2	38	38	170,79	171,38	0,59	1	1	Habituation	Habituation
-900	10005	1	1	05.07.2018	14:22	2	39	39	171,41	172,11	0,70	1	1	Habituation	Habituation
-900	10005	1	1	05.07.2018	14:22	2	40	40	172,23	173,19	0,96	1	1	Habituation	Habituation
-900	10005	1	1	05.07.2018	14:22	2	41	41	174,54	175,22	0,68	1	1	Habituation	Habituation
-900	10005	1	1	05.07.2018	14:22	2	42	42	175,22	175,80	0,58	1	1	Habituation	Habituation
-900	10005	1	1	05.07.2018	14:22	2	43	43	177,61	178,24	0,63	1	1	Habituation	Habituation
-900	10005	1	1	05.07.2018	14:22	2	44	44	178,40	178,91	0,51	1	1	Habituation	Habituation
-900	10005	1	1	05.07.2018	14:22	2	45	45	178,91	179,43	0,52	1	1	Habituation	Habituation
-900	10005	1	1	05.08.2018	14:34	3	1	1	0,00	1,91	1,91	1	1	Habituation	Habituation
-900	10005	1	1	05.08.2018	14:34	3	2	2	1,91	2,73	0,82	1	1	Habituation	Habituation
-900	10005	1	1	05.08.2018	14:34	3	3	3	2,73	3,76	1,03	1	1	Habituation	Habituation
-900	10005	1	1	05.08.2018	14:34	3	4	4	3,99	6,19	2,20	1	1	Habituation	Habituation
-900	10005	1	1	05.08.2018	14:34	3	5	5	6,19	9,06	2,87	1	1	Habituation	Habituation
-900	10005	1	1	05.08.2018	14:34	3	6	6	9,38	11,13	1,75	1	1	Habituation	Habituation
-900	10005	1	1	05.08.2018	14:34	3	7	7	11,13	11,68	0,55	1	1	Habituation	Habituation
-900	10005	1	1	05.08.2018	14:34	3	8	8	11,68	12,41	0,73	1	1	Habituation	Habituation
-900	10005	1	1	05.08.2018	14:34	3	9	9	12,75	19,61	6,86	1	1	Habituation	Habituation
-900	10005	1	1	05.08.2018	14:34	3	10	10	19,61	20,39	0,78	1	1	Habituation	Habituation
-900	10005	1	1	05.08.2018	14:34	3	11	11	20,39	33,82	13,43	1	1	Habituation	Habituation
-900	10005	1	1	05.08.2018	14:34	3	12	12	33,85	38,84	4,99	1	1	Habituation	Habituation
-900	10005	1	1	05.08.2018	14:34	3	13	13	38,85	80,50	41,65	1	1	Habituation	Habituation
-900	10005	1	1	05.08.2018	14:34	3	14	14	80,89	81,76	0,87	1	1	Habituation	Habituation
-900	10005	1	1	05.08.2018	14:34	3	15	15	81,78	84,58	2,80	1	1	Habituation	Habituation
-900	10005	1	1	05.08.2018	14:34	3	16	16	84,60	93,98	9,38	1	1	Habituation	Habituation
-900	10005	1	1	05.08.2018	14:34	3	17	17	94,30	95,59	1,29	1	1	Habituation	Habituation
-900	10005	1	1	05.08.2018	14:34	3	18	18	95,59	110,24	14,65	1	1	Habituation	Habituation
-900	10005	1	1	05.08.2018	14:34	3	19	19	110,28	110,90	0,62	1	1	Habituation	Habituation
-900	10005	1	1	05.08.2018	14:34	3	20	20	111,06	111,68	0,62	1	1	Habituation	Habituation
-900	10005	1	1	05.08.2018	14:34	3	21	21	112,18	114,15	1,97	1	1	Habituation	Habituation
-900	10005	1	1	05.08.2018	14:34	3	22	22	114,16	124,86	10,70	1	1	Habituation	Habituation
-900	10005	1	1	05.08.2018	14:34	3	23	23	124,88	141,77	16,89	1	1	Habituation	Habituation
-900	10005	1	1	05.08.2018	14:34	3	24	24	142,19	144,41	2,22	1	1	Habituation	Habituation
-900	10005	1	1	05.08.2018	14:34	3	25	25	144,43	146,47	2,04	1	1	Habituation	Habituation
-900	10005	1	1	05.08.2018	14:34	3	26	26	146,49	150,58	4,09	1	1	Habituation	Habituation
-900	10005	1	1	05.08.2018	14:34	3	27	27	150,60	153,76	3,16	1	1	Habituation	Habituation
-900	10005	1	1	05.08.2018	14:34	3	28	28	153,76	154,35	0,59	1	1	Habituation	Habituation
-900	10005	1	1	05.08.2018	14:34	3	29	29	154,35	156,00	1,65	1	1	Habituation	Habituation
-900	10005	1	1	05.08.2018	14:34	3	30	30	156,00	161,83	5,83	1	1	Habituation	Habituation
-900	10005	1	1	05.08.2018	14:34	3	31	31	161,83	165,15	3,32	1	1	Habituation	Habituation
-900	10005	1	1	05.08.2018	14:34	3	32	32	165,33	174,02	8,69	1	1	Habituation	Habituation
-900	10005	1	1	05.08.2018	14:34	3	33	33	174,05	179,99	5,94	1	1	Habituation	Habituation
-900	10005	1	1	05.08.2018	14:38	4	1	1	0,00	4,10	4,10	1	1	Habituation	Habituation
-900	10005	1	1	05.08.2018	14:38	4	2	2	4,10	5,54	1,44	1	1	Habituation	Habituation
-900	10005	1	1	05.08.2018	14:38	4	3	3	5,89	8,40	2,51	1	1	Habituation	Habituation
-900	10005	1	1	05.08.2018	14:38	4	4	4	8,41	15,92	7,51	1	1	Habituation	Habituation
-900	10005	1	1	05.08.2018	14:38	4	5	5	15,92	16,77	0,85	1	1	Habituation	Habituation
-900	10005	1	1	05.08.2018	14:38	4	6	6	16,77	27,63	10,86	1	1	Habituation	Habituation
-900	10005	1	1	05.08.2018	14:38	4	7	7	27,63	28,38	0,75	1	1	Habituation	Habituation
-900	10005	1	1	05.08.2018	14:38	4	8	8	28,38	29,35	0,97	1	1	Habituation	Habituation
-900	10005	1	1	05.08.2018	14:38	4	9	9	29,37	32,23	2,86	1	1	Habituation	Habituation
-900	10005	1	1	05.08.2018	14:38	4	10	10	32,23	34,32	2,09	1	1	Habituation	Habituation
-900	10005	1	1	05.08.2018	14:38	4	11	11	40,00	40,90	0,90	1	1	Habituation	Habituation
-900	10005	1	1	05.08.2018	14:38	4	12	12	42,27	43,03	0,76	1	1	Habituation	Habituation
-900	10005	1	1	05.08.2018	14:38	4	13	13	44,24	45,57	1,33	1	1	Habituation	Habituation
-900	10005	1	1	05.08.2018	14:38	4	14	14	45,57	46,51	0,94	1	1	Habituation	Habituation
-900	10005	1	1	05.08.2018	14:38	4	15	15	55,70	56,41	0,71	1	1	Habituation	Habituation
-900	10005	1	1	05.08.2018	14:38	4	16	16	66,98	67,59	0,61	1	1	Habituation	Habituation
-900	10005	1	1	05.08.2018	14:38	4	17	17	70,37	70,90	0,53	1	1	Habituation	Habituation
-900	10005	1	1	05.08.2018	14:38	4	18	18	76,05	76,94	0,89	1	1	Habituation	Habituation
-900	10005	1	1	05.08.2018	14:38	4	19	19	82,58	83,22	0,64	1	1	Habituation	Habituation
-900	10005	1	1	05.08.2018	14:38	4	20	20	85,67	86,22	0,55	1	1	Habituation	Habituation
-900	10005	1	1	05.08.2018	14:38	4	21	21	89,60	90,19	0,59	1	1	Habituation	Habituation
-900	10005	1	1	05.08.2018	14:38	4	22	22	96,40	97,09	0,69	1	1	Habituation	Habituation
-900	10005	1	1	05.08.2018	14:38	4	23	23	108,48	109,57	1,09	1	1	Habituation	Habituation
-900	10005	1	1	05.08.2018	14:38	4	24	24	110,79	112,07	1,28	1	1	Habituation	Habituation
-900	10005	1	1	05.08.2018	14:38	4	25	25	115,46	116,01	0,55	1	1	Habituation	Habituation
-900	10005	1	1	05.08.2018	14:38	4	26	26	119,66	120,46	0,80	1	1	Habituation	Habituation
-900	10005	1	1	05.08.2018	14:38	4	27	27	120,99	121,56	0,57	1	1	Habituation	Habituation
-900	10005	1	1	05.08.2018	14:38	4	28	28	121,98	122,52	0,54	1	1	Habituation	Habituation
-900	10005	1	1	05.08.2018	14:38	4	29	29	122,52	123,14	0,62	1	1	Habituation	Habituation
-900	10005	1	1	05.08.2018	14:38	4	30	30	133,21	133,89	0,68	1	1	Habituation	Habituation
-900	10005	1	1	05.08.2018	14:38	4	31	31	134,31	135,10	0,79	1	1	Habituation	Habituation
-900	10005	1	1	05.08.2018	14:38	4	32	32	135,68	136,83	1,15	1	1	Habituation	Habituation
-900	10005	1	1	05.08.2018	14:38	4	33	33	137,08	137,60	0,52	1	1	Habituation	Habituation
-900	10005	1	1	05.08.2018	14:38	4	34	34	140,20	141,30	1,10	1	1	Habituation	Habituation
-900	10005	1	1	05.08.2018	14:38	4	35	35	143,11	143,65	0,54	1	1	Habituation	Habituation
-900	10005	1	1	05.08.2018	14:38	4	36	36	146,63	147,18	0,55	1	1	Habituation	Habituation
-900	10005	1	1	05.08.2018	14:38	4	37	37	155,09	155,64	0,55	1	1	Habituation	Habituation
-900	10005	1	1	05.08.2018	14:38	4	38	38	157,11	157,91	0,80	1	1	Habituation	Habituation
-900	10005	1	1	05.08.2018	14:38	4	39	39	165,84	167,30	1,46	1	1	Habituation	Habituation
-900	10005	1	1	05.08.2018	14:38	4	40	40	173,56	174,84	1,28	1	1	Habituation	Habituation
-900	10005	1	1	05.08.2018	14:38	4	41	41	175,69	176,34	0,65	1	1	Habituation	Habituation
-900	10005	1	1	05.09.2018	11:11	5	1	1	0,00	33,15	33,15	1	1	Habituation	Habituation
-900	10005	1	1	05.09.2018	11:11	5	2	2	33,17	62,97	29,80	1	1	Habituation	Habituation
-900	10005	1	1	05.09.2018	11:11	5	3	3	62,97	63,61	0,64	1	1	Habituation	Habituation
-900	10005	1	1	05.09.2018	11:11	5	4	4	63,93	64,58	0,65	1	1	Habituation	Habituation
-900	10005	1	1	05.09.2018	11:11	5	5	5	65,10	65,88	0,78	1	1	Habituation	Habituation
-900	10005	1	1	05.09.2018	11:11	5	6	6	67,77	68,55	0,78	1	1	Habituation	Habituation
-900	10005	1	1	05.09.2018	11:11	5	7	7	68,98	69,53	0,55	1	1	Habituation	Habituation
-900	10005	1	1	05.09.2018	11:11	5	8	8	69,74	70,27	0,53	1	1	Habituation	Habituation
-900	10005	1	1	05.09.2018	11:11	5	9	9	81,04	81,57	0,53	1	1	Habituation	Habituation
-900	10005	1	1	05.09.2018	11:11	5	10	10	81,59	82,19	0,60	1	1	Habituation	Habituation
-900	10005	1	1	05.09.2018	11:11	5	11	11	82,47	83,04	0,57	1	1	Habituation	Habituation
-900	10005	1	1	05.09.2018	11:11	5	12	12	84,49	85,65	1,16	1	1	Habituation	Habituation
-900	10005	1	1	05.09.2018	11:11	5	13	13	86,44	86,96	0,52	1	1	Habituation	Habituation
-900	10005	1	1	05.09.2018	11:11	5	14	14	86,96	87,77	0,81	1	1	Habituation	Habituation
-900	10005	1	1	05.09.2018	11:11	5	15	15	91,51	92,04	0,53	1	1	Habituation	Habituation
-900	10005	1	1	05.09.2018	11:11	5	16	16	93,05	93,65	0,60	1	1	Habituation	Habituation
-900	10005	1	1	05.09.2018	11:11	5	17	17	93,71	95,18	1,47	1	1	Habituation	Habituation
-900	10005	1	1	05.09.2018	11:11	5	18	18	100,47	101,34	0,87	1	1	Habituation	Habituation
-900	10005	1	1	05.09.2018	11:11	5	19	19	101,68	102,19	0,51	1	1	Habituation	Habituation
-900	10005	1	1	05.09.2018	11:11	5	20	20	103,61	105,49	1,88	1	1	Habituation	Habituation
-900	10005	1	1	05.09.2018	11:11	5	21	21	109,85	110,36	0,51	1	1	Habituation	Habituation
-900	10005	1	1	05.09.2018	11:11	5	22	22	117,16	118,85	1,69	1	1	Habituation	Habituation
-900	10005	1	1	05.09.2018	11:11	5	23	23	124,24	125,71	1,47	1	1	Habituation	Habituation
-900	10005	1	1	05.09.2018	11:11	5	24	24	126,27	127,87	1,60	1	1	Habituation	Habituation
-900	10005	1	1	05.09.2018	11:11	5	25	25	128,89	129,66	0,77	1	1	Habituation	Habituation
-900	10005	1	1	05.09.2018	11:11	5	26	26	129,82	131,20	1,38	1	1	Habituation	Habituation
-900	10005	1	1	05.09.2018	11:11	5	27	27	131,50	132,23	0,73	1	1	Habituation	Habituation
-900	10005	1	1	05.09.2018	11:11	5	28	28	133,04	134,34	1,30	1	1	Habituation	Habituation
-900	10005	1	1	05.09.2018	11:11	5	29	29	136,51	137,19	0,68	1	1	Habituation	Habituation
-900	10005	1	1	05.09.2018	11:11	5	30	30	137,19	137,70	0,51	1	1	Habituation	Habituation
-900	10005	1	1	05.09.2018	11:11	5	31	31	143,12	143,87	0,75	1	1	Habituation	Habituation
-900	10005	1	1	05.09.2018	11:11	5	32	32	145,39	146,33	0,94	1	1	Habituation	Habituation
-900	10005	1	1	05.09.2018	11:11	5	33	33	147,85	148,99	1,14	1	1	Habituation	Habituation
-900	10005	1	1	05.09.2018	11:11	5	34	34	159,87	161,05	1,18	1	1	Habituation	Habituation
-900	10005	1	1	05.09.2018	11:11	5	35	35	165,15	166,55	1,40	1	1	Habituation	Habituation
-900	10005	1	1	05.09.2018	11:11	5	36	36	166,88	167,93	1,05	1	1	Habituation	Habituation
-900	10005	1	1	05.09.2018	11:11	5	37	37	171,01	171,52	0,51	1	1	Habituation	Habituation
-900	10005	1	1	05.09.2018	11:11	5	38	38	172,45	172,98	0,53	1	1	Habituation	Habituation
-900	10005	1	1	05.09.2018	11:11	5	39	39	174,00	175,39	1,39	1	1	Habituation	Habituation
-900	10005	1	1	05.09.2018	11:11	5	40	40	176,08	177,19	1,11	1	1	Habituation	Habituation
-900	10005	1	1	05.09.2018	11:11	5	41	41	177,83	179,64	1,81	1	1	Habituation	Habituation
-900	10007	1	1	05.07.2018	14:43	1	1	1	0,00	110,89	110,89	1	1	Habituation	Habituation
-900	10007	1	1	05.07.2018	14:43	1	2	2	110,96	111,57	0,61	1	1	Habituation	Habituation
-900	10007	1	1	05.07.2018	14:43	1	3	3	111,59	113,58	1,99	1	1	Habituation	Habituation
-900	10007	1	1	05.07.2018	14:43	1	4	4	113,62	114,86	1,24	1	1	Habituation	Habituation
-900	10007	1	1	05.07.2018	14:43	1	5	5	115,70	119,62	3,92	1	1	Habituation	Habituation
-900	10007	1	1	05.07.2018	14:43	1	6	6	119,64	120,44	0,80	1	1	Habituation	Habituation
-900	10007	1	1	05.07.2018	14:43	1	7	7	120,45	154,99	34,54	1	1	Habituation	Habituation
-900	10007	1	1	05.07.2018	14:43	1	8	8	155,49	158,89	3,40	1	1	Habituation	Habituation
-900	10007	1	1	05.07.2018	14:43	1	9	9	159,26	161,10	1,84	1	1	Habituation	Habituation
-900	10007	1	1	05.07.2018	14:43	1	10	10	161,72	180,00	18,28	1	1	Habituation	Habituation
-900	10007	1	1	05.07.2018	14:47	2	1	1	0,00	34,73	34,73	1	1	Habituation	Habituation
-900	10007	1	1	05.07.2018	14:47	2	2	2	35,28	35,84	0,56	1	1	Habituation	Habituation
-900	10007	1	1	05.07.2018	14:47	2	3	3	35,89	38,28	2,39	1	1	Habituation	Habituation
-900	10007	1	1	05.07.2018	14:47	2	4	4	38,33	38,95	0,62	1	1	Habituation	Habituation
-900	10007	1	1	05.07.2018	14:47	2	5	5	38,95	39,60	0,65	1	1	Habituation	Habituation
-900	10007	1	1	05.07.2018	14:47	2	6	6	40,06	41,87	1,81	1	1	Habituation	Habituation
-900	10007	1	1	05.07.2018	14:47	2	7	7	43,05	43,60	0,55	1	1	Habituation	Habituation
-900	10007	1	1	05.07.2018	14:47	2	8	8	45,21	45,76	0,55	1	1	Habituation	Habituation
-900	10007	1	1	05.07.2018	14:47	2	9	9	48,50	49,09	0,59	1	1	Habituation	Habituation
-900	10007	1	1	05.07.2018	14:47	2	10	10	53,01	53,72	0,71	1	1	Habituation	Habituation
-900	10007	1	1	05.07.2018	14:47	2	11	11	53,82	54,71	0,89	1	1	Habituation	Habituation
-900	10007	1	1	05.07.2018	14:47	2	12	12	66,49	67,13	0,64	1	1	Habituation	Habituation
-900	10007	1	1	05.07.2018	14:47	2	13	13	70,62	71,14	0,52	1	1	Habituation	Habituation
-900	10007	1	1	05.07.2018	14:47	2	14	14	71,14	71,71	0,57	1	1	Habituation	Habituation
-900	10007	1	1	05.07.2018	14:47	2	15	15	72,65	73,40	0,75	1	1	Habituation	Habituation
-900	10007	1	1	05.07.2018	14:47	2	16	16	73,49	74,07	0,58	1	1	Habituation	Habituation
-900	10007	1	1	05.07.2018	14:47	2	17	17	75,61	76,60	0,99	1	1	Habituation	Habituation
-900	10007	1	1	05.07.2018	14:47	2	18	18	77,83	78,69	0,86	1	1	Habituation	Habituation
-900	10007	1	1	05.07.2018	14:47	2	19	19	79,43	80,06	0,63	1	1	Habituation	Habituation
-900	10007	1	1	05.07.2018	14:47	2	20	20	90,42	90,98	0,56	1	1	Habituation	Habituation
-900	10007	1	1	05.07.2018	14:47	2	21	21	94,20	94,86	0,66	1	1	Habituation	Habituation
-900	10007	1	1	05.07.2018	14:47	2	22	22	94,96	95,62	0,66	1	1	Habituation	Habituation
-900	10007	1	1	05.07.2018	14:47	2	23	23	96,55	97,14	0,59	1	1	Habituation	Habituation
-900	10007	1	1	05.07.2018	14:47	2	24	24	101,22	102,07	0,85	1	1	Habituation	Habituation
-900	10007	1	1	05.07.2018	14:47	2	25	25	104,76	105,44	0,68	1	1	Habituation	Habituation
-900	10007	1	1	05.07.2018	14:47	2	26	26	108,98	109,50	0,52	1	1	Habituation	Habituation
-900	10007	1	1	05.07.2018	14:47	2	27	27	109,68	110,25	0,57	1	1	Habituation	Habituation
-900	10007	1	1	05.07.2018	14:47	2	28	28	110,25	110,99	0,74	1	1	Habituation	Habituation
-900	10007	1	1	05.07.2018	14:47	2	29	29	111,24	111,80	0,56	1	1	Habituation	Habituation
-900	10007	1	1	05.07.2018	14:47	2	30	30	111,81	112,45	0,64	1	1	Habituation	Habituation
-900	10007	1	1	05.07.2018	14:47	2	31	31	113,52	115,13	1,61	1	1	Habituation	Habituation
-900	10007	1	1	05.07.2018	14:47	2	32	32	115,68	116,43	0,75	1	1	Habituation	Habituation
-900	10007	1	1	05.07.2018	14:47	2	33	33	116,43	116,94	0,51	1	1	Habituation	Habituation
-900	10007	1	1	05.07.2018	14:47	2	34	34	125,62	126,13	0,51	1	1	Habituation	Habituation
-900	10007	1	1	05.07.2018	14:47	2	35	35	128,98	130,41	1,43	1	1	Habituation	Habituation
-900	10007	1	1	05.07.2018	14:47	2	36	36	136,66	138,65	1,99	1	1	Habituation	Habituation
-900	10007	1	1	05.07.2018	14:47	2	37	37	138,71	142,43	3,72	1	1	Habituation	Habituation
-900	10007	1	1	05.07.2018	14:47	2	38	38	145,92	146,49	0,57	1	1	Habituation	Habituation
-900	10007	1	1	05.07.2018	14:47	2	39	39	147,72	148,25	0,53	1	1	Habituation	Habituation
-900	10007	1	1	05.07.2018	14:47	2	40	40	150,32	150,83	0,51	1	1	Habituation	Habituation
-900	10007	1	1	05.07.2018	14:47	2	41	41	151,07	151,78	0,71	1	1	Habituation	Habituation
-900	10007	1	1	05.07.2018	14:47	2	42	42	152,42	152,99	0,57	1	1	Habituation	Habituation
-900	10007	1	1	05.07.2018	14:47	2	43	43	157,87	158,67	0,80	1	1	Habituation	Habituation
-900	10007	1	1	05.07.2018	14:47	2	44	44	158,67	159,37	0,70	1	1	Habituation	Habituation
-900	10007	1	1	05.07.2018	14:47	2	45	45	162,39	163,18	0,79	1	1	Habituation	Habituation
-900	10007	1	1	05.07.2018	14:47	2	46	46	166,88	167,54	0,66	1	1	Habituation	Habituation
-900	10007	1	1	05.07.2018	14:47	2	47	47	167,86	168,45	0,59	1	1	Habituation	Habituation
-900	10007	1	1	05.07.2018	14:47	2	48	48	169,57	170,19	0,62	1	1	Habituation	Habituation
-900	10007	1	1	05.07.2018	14:47	2	49	49	176,11	177,50	1,39	1	1	Habituation	Habituation
-900	10007	1	1	05.07.2018	14:47	2	50	50	177,50	178,19	0,69	1	1	Habituation	Habituation
-900	10006	1	1	05.07.2018	14:31	1	1	1	0,82	1,53	0,71	1	1	Habituation	Habituation
-900	10006	1	1	05.07.2018	14:31	1	2	2	1,53	2,67	1,14	1	1	Habituation	Habituation
-900	10006	1	1	05.07.2018	14:31	1	3	3	2,67	3,26	0,59	1	1	Habituation	Habituation
-900	10006	1	1	05.07.2018	14:31	1	4	4	3,31	4,45	1,14	1	1	Habituation	Habituation
-900	10006	1	1	05.07.2018	14:31	1	5	5	4,98	6,87	1,89	1	1	Habituation	Habituation
-900	10006	1	1	05.07.2018	14:31	1	6	6	7,28	8,93	1,65	1	1	Habituation	Habituation
-900	10006	1	1	05.07.2018	14:31	1	7	7	8,93	10,14	1,21	1	1	Habituation	Habituation
-900	10006	1	1	05.07.2018	14:31	1	8	8	10,14	11,14	1,00	1	1	Habituation	Habituation
-900	10006	1	1	05.07.2018	14:31	1	9	9	11,28	14,82	3,54	1	1	Habituation	Habituation
-900	10006	1	1	05.07.2018	14:31	1	10	10	16,05	16,71	0,66	1	1	Habituation	Habituation
-900	10006	1	1	05.07.2018	14:31	1	11	11	17,29	18,04	0,75	1	1	Habituation	Habituation
-900	10006	1	1	05.07.2018	14:31	1	12	12	18,36	19,78	1,42	1	1	Habituation	Habituation
-900	10006	1	1	05.07.2018	14:31	1	13	13	19,84	23,82	3,98	1	1	Habituation	Habituation
-900	10006	1	1	05.07.2018	14:31	1	14	14	23,84	24,68	0,84	1	1	Habituation	Habituation
-900	10006	1	1	05.07.2018	14:31	1	15	15	25,37	26,31	0,94	1	1	Habituation	Habituation
-900	10006	1	1	05.07.2018	14:31	1	16	16	26,42	27,15	0,73	1	1	Habituation	Habituation
-900	10006	1	1	05.07.2018	14:31	1	17	17	29,09	30,47	1,38	1	1	Habituation	Habituation
-900	10006	1	1	05.07.2018	14:31	1	18	18	30,49	31,65	1,16	1	1	Habituation	Habituation
-900	10006	1	1	05.07.2018	14:31	1	19	19	31,65	35,22	3,57	1	1	Habituation	Habituation
-900	10006	1	1	05.07.2018	14:31	1	20	20	35,22	36,57	1,35	1	1	Habituation	Habituation
-900	10006	1	1	05.07.2018	14:31	1	21	21	37,05	38,60	1,55	1	1	Habituation	Habituation
-900	10006	1	1	05.07.2018	14:31	1	22	22	40,04	40,63	0,59	1	1	Habituation	Habituation
-900	10006	1	1	05.07.2018	14:31	1	23	23	40,68	42,73	2,05	1	1	Habituation	Habituation
-900	10006	1	1	05.07.2018	14:31	1	24	24	42,73	49,26	6,53	1	1	Habituation	Habituation
-900	10006	1	1	05.07.2018	14:31	1	25	25	49,26	50,11	0,85	1	1	Habituation	Habituation
-900	10006	1	1	05.07.2018	14:31	1	26	26	50,45	57,41	6,96	1	1	Habituation	Habituation
-900	10006	1	1	05.07.2018	14:31	1	27	27	58,03	58,94	0,91	1	1	Habituation	Habituation
-900	10006	1	1	05.07.2018	14:31	1	28	28	59,75	60,47	0,72	1	1	Habituation	Habituation
-900	10006	1	1	05.07.2018	14:31	1	29	29	61,30	63,24	1,94	1	1	Habituation	Habituation
-900	10006	1	1	05.07.2018	14:31	1	30	30	63,53	64,22	0,69	1	1	Habituation	Habituation
-900	10006	1	1	05.07.2018	14:31	1	31	31	64,27	65,39	1,12	1	1	Habituation	Habituation
-900	10006	1	1	05.07.2018	14:31	1	32	32	65,54	67,47	1,93	1	1	Habituation	Habituation
-900	10006	1	1	05.07.2018	14:31	1	33	33	67,72	71,71	3,99	1	1	Habituation	Habituation
-900	10006	1	1	05.07.2018	14:31	1	34	34	72,42	75,18	2,76	1	1	Habituation	Habituation
-900	10006	1	1	05.07.2018	14:31	1	35	35	75,59	89,60	14,01	1	1	Habituation	Habituation
-900	10006	1	1	05.07.2018	14:31	1	36	36	89,64	124,14	34,50	1	1	Habituation	Habituation
-900	10006	1	1	05.07.2018	14:31	1	37	37	124,78	128,83	4,05	1	1	Habituation	Habituation
-900	10006	1	1	05.07.2018	14:31	1	38	38	128,89	179,99	51,10	1	1	Habituation	Habituation
-900	10006	1	1	05.07.2018	14:35	2	1	1	0,00	27,65	27,65	1	1	Habituation	Habituation
-900	10006	1	1	05.07.2018	14:35	2	2	2	27,93	30,00	2,07	1	1	Habituation	Habituation
-900	10006	1	1	05.07.2018	14:35	2	3	3	30,02	32,99	2,97	1	1	Habituation	Habituation
-900	10006	1	1	05.07.2018	14:35	2	4	4	32,99	33,83	0,84	1	1	Habituation	Habituation
-900	10006	1	1	05.07.2018	14:35	2	5	5	34,84	35,52	0,68	1	1	Habituation	Habituation
-900	10006	1	1	05.07.2018	14:35	2	6	6	36,44	38,99	2,55	1	1	Habituation	Habituation
-900	10006	1	1	05.07.2018	14:35	2	7	7	41,96	42,60	0,64	1	1	Habituation	Habituation
-900	10006	1	1	05.07.2018	14:35	2	8	8	43,47	44,77	1,30	1	1	Habituation	Habituation
-900	10006	1	1	05.07.2018	14:35	2	9	9	53,89	54,49	0,60	1	1	Habituation	Habituation
-900	10006	1	1	05.07.2018	14:35	2	10	10	64,92	65,60	0,68	1	1	Habituation	Habituation
-900	10006	1	1	05.07.2018	14:35	2	11	11	81,24	82,06	0,82	1	1	Habituation	Habituation
-900	10006	1	1	05.07.2018	14:35	2	12	12	87,02	87,61	0,59	1	1	Habituation	Habituation
-900	10006	1	1	05.07.2018	14:35	2	13	13	91,70	92,42	0,72	1	1	Habituation	Habituation
-900	10006	1	1	05.07.2018	14:35	2	14	14	101,79	102,33	0,54	1	1	Habituation	Habituation
-900	10006	1	1	05.07.2018	14:35	2	15	15	111,01	111,57	0,56	1	1	Habituation	Habituation
-900	10006	1	1	05.07.2018	14:35	2	16	16	112,78	113,49	0,71	1	1	Habituation	Habituation
-900	10006	1	1	05.07.2018	14:35	2	17	17	118,72	120,29	1,57	1	1	Habituation	Habituation
-900	10006	1	1	05.07.2018	14:35	2	18	18	122,62	124,18	1,56	1	1	Habituation	Habituation
-900	10006	1	1	05.07.2018	14:35	2	19	19	127,28	127,85	0,57	1	1	Habituation	Habituation
-900	10006	1	1	05.07.2018	14:35	2	20	20	127,85	128,38	0,53	1	1	Habituation	Habituation
-900	10006	1	1	05.07.2018	14:35	2	21	21	128,54	129,06	0,52	1	1	Habituation	Habituation
-900	10006	1	1	05.07.2018	14:35	2	22	22	132,30	134,40	2,10	1	1	Habituation	Habituation
-900	10006	1	1	05.07.2018	14:35	2	23	23	136,48	137,05	0,57	1	1	Habituation	Habituation
-900	10006	1	1	05.07.2018	14:35	2	24	24	137,53	138,37	0,84	1	1	Habituation	Habituation
-900	10006	1	1	05.07.2018	14:35	2	25	25	138,57	139,15	0,58	1	1	Habituation	Habituation
-900	10006	1	1	05.07.2018	14:35	2	26	26	139,74	140,36	0,62	1	1	Habituation	Habituation
-900	10006	1	1	05.07.2018	14:35	2	27	27	140,83	141,34	0,51	1	1	Habituation	Habituation
-900	10006	1	1	05.07.2018	14:35	2	28	28	141,82	142,59	0,77	1	1	Habituation	Habituation
-900	10006	1	1	05.07.2018	14:35	2	29	29	143,57	144,30	0,73	1	1	Habituation	Habituation
-900	10006	1	1	05.07.2018	14:35	2	30	30	144,56	145,29	0,73	1	1	Habituation	Habituation
-900	10006	1	1	05.07.2018	14:35	2	31	31	145,35	145,88	0,53	1	1	Habituation	Habituation
-900	10006	1	1	05.07.2018	14:35	2	32	32	146,56	147,09	0,53	1	1	Habituation	Habituation
-900	10006	1	1	05.07.2018	14:35	2	33	33	148,39	148,92	0,53	1	1	Habituation	Habituation
-900	10006	1	1	05.07.2018	14:35	2	34	34	148,96	149,55	0,59	1	1	Habituation	Habituation
-900	10006	1	1	05.07.2018	14:35	2	35	35	153,61	157,91	4,30	1	1	Habituation	Habituation
-900	10006	1	1	05.07.2018	14:35	2	36	36	162,26	162,77	0,51	1	1	Habituation	Habituation
-900	10006	1	1	05.07.2018	14:35	2	37	37	162,86	163,68	0,82	1	1	Habituation	Habituation
-900	10006	1	1	05.07.2018	14:35	2	38	38	163,73	164,48	0,75	1	1	Habituation	Habituation
-900	10006	1	1	05.07.2018	14:35	2	39	39	173,22	173,77	0,55	1	1	Habituation	Habituation
-900	10006	1	1	05.07.2018	14:35	2	40	40	174,14	174,95	0,81	1	1	Habituation	Habituation
-900	10006	1	1	05.07.2018	14:35	2	41	41	176,90	177,94	1,04	1	1	Habituation	Habituation
-900	10006	1	1	05.08.2018	14:44	3	1	1	0,00	18,10	18,10	1	1	Habituation	Habituation
-900	10006	1	1	05.08.2018	14:44	3	2	2	18,77	19,46	0,69	1	1	Habituation	Habituation
-900	10006	1	1	05.08.2018	14:44	3	3	3	19,52	21,29	1,77	1	1	Habituation	Habituation
-900	10006	1	1	05.08.2018	14:44	3	4	4	21,31	31,76	10,45	1	1	Habituation	Habituation
-900	10006	1	1	05.08.2018	14:44	3	5	5	31,78	47,32	15,54	1	1	Habituation	Habituation
-900	10006	1	1	05.08.2018	14:44	3	6	6	47,34	49,43	2,09	1	1	Habituation	Habituation
-900	10006	1	1	05.08.2018	14:44	3	7	7	49,45	67,05	17,60	1	1	Habituation	Habituation
-900	10006	1	1	05.08.2018	14:44	3	8	8	67,05	67,64	0,59	1	1	Habituation	Habituation
-900	10006	1	1	05.08.2018	14:44	3	9	9	67,64	68,28	0,64	1	1	Habituation	Habituation
-900	10006	1	1	05.08.2018	14:44	3	10	10	68,28	69,65	1,37	1	1	Habituation	Habituation
-900	10006	1	1	05.08.2018	14:44	3	11	11	69,65	72,34	2,69	1	1	Habituation	Habituation
-900	10006	1	1	05.08.2018	14:44	3	12	12	72,36	79,48	7,12	1	1	Habituation	Habituation
-900	10006	1	1	05.08.2018	14:44	3	13	13	79,97	83,56	3,59	1	1	Habituation	Habituation
-900	10006	1	1	05.08.2018	14:44	3	14	14	83,63	84,45	0,82	1	1	Habituation	Habituation
-900	10006	1	1	05.08.2018	14:44	3	15	15	84,46	85,88	1,42	1	1	Habituation	Habituation
-900	10006	1	1	05.08.2018	14:44	3	16	16	86,22	91,15	4,93	1	1	Habituation	Habituation
-900	10006	1	1	05.08.2018	14:44	3	17	17	91,85	95,29	3,44	1	1	Habituation	Habituation
-900	10006	1	1	05.08.2018	14:44	3	18	18	95,31	98,78	3,47	1	1	Habituation	Habituation
-900	10006	1	1	05.08.2018	14:44	3	19	19	98,80	100,15	1,35	1	1	Habituation	Habituation
-900	10006	1	1	05.08.2018	14:44	3	20	20	100,15	101,45	1,30	1	1	Habituation	Habituation
-900	10006	1	1	05.08.2018	14:44	3	21	21	101,45	109,68	8,23	1	1	Habituation	Habituation
-900	10006	1	1	05.08.2018	14:44	3	22	22	109,73	110,41	0,68	1	1	Habituation	Habituation
-900	10006	1	1	05.08.2018	14:44	3	23	23	110,41	113,04	2,63	1	1	Habituation	Habituation
-900	10006	1	1	05.08.2018	14:44	3	24	24	113,36	114,19	0,83	1	1	Habituation	Habituation
-900	10006	1	1	05.08.2018	14:44	3	25	25	114,92	124,62	9,70	1	1	Habituation	Habituation
-900	10006	1	1	05.08.2018	14:44	3	26	26	125,76	130,66	4,90	1	1	Habituation	Habituation
-900	10006	1	1	05.08.2018	14:44	3	27	27	130,69	131,74	1,05	1	1	Habituation	Habituation
-900	10006	1	1	05.08.2018	14:44	3	28	28	131,78	134,17	2,39	1	1	Habituation	Habituation
-900	10006	1	1	05.08.2018	14:44	3	29	29	134,42	145,37	10,95	1	1	Habituation	Habituation
-900	10006	1	1	05.08.2018	14:44	3	30	30	145,39	162,44	17,05	1	1	Habituation	Habituation
-900	10006	1	1	05.08.2018	14:44	3	31	31	162,46	163,10	0,64	1	1	Habituation	Habituation
-900	10006	1	1	05.08.2018	14:44	3	32	32	163,10	164,68	1,58	1	1	Habituation	Habituation
-900	10006	1	1	05.08.2018	14:44	3	33	33	164,68	165,89	1,21	1	1	Habituation	Habituation
-900	10006	1	1	05.08.2018	14:44	3	34	34	165,91	167,89	1,98	1	1	Habituation	Habituation
-900	10006	1	1	05.08.2018	14:44	3	35	35	167,89	168,43	0,54	1	1	Habituation	Habituation
-900	10006	1	1	05.08.2018	14:44	3	36	36	168,75	177,53	8,78	1	1	Habituation	Habituation
-900	10006	1	1	05.08.2018	14:44	3	37	37	177,94	180,00	2,06	1	1	Habituation	Habituation
-900	10006	1	1	05.08.2018	14:47	4	1	1	0,00	5,63	5,63	1	1	Habituation	Habituation
-900	10006	1	1	05.08.2018	14:47	4	2	2	5,63	6,73	1,10	1	1	Habituation	Habituation
-900	10006	1	1	05.08.2018	14:47	4	3	3	6,73	7,26	0,53	1	1	Habituation	Habituation
-900	10006	1	1	05.08.2018	14:47	4	4	4	7,65	8,17	0,52	1	1	Habituation	Habituation
-900	10006	1	1	05.08.2018	14:47	4	5	5	8,43	11,44	3,01	1	1	Habituation	Habituation
-900	10006	1	1	05.08.2018	14:47	4	6	6	11,74	20,24	8,50	1	1	Habituation	Habituation
-900	10006	1	1	05.08.2018	14:47	4	7	7	20,26	33,52	13,26	1	1	Habituation	Habituation
-900	10006	1	1	05.08.2018	14:47	4	8	8	33,52	34,27	0,75	1	1	Habituation	Habituation
-900	10006	1	1	05.08.2018	14:47	4	9	9	37,57	38,10	0,53	1	1	Habituation	Habituation
-900	10006	1	1	05.08.2018	14:47	4	10	10	44,32	45,51	1,19	1	1	Habituation	Habituation
-900	10006	1	1	05.08.2018	14:47	4	11	11	53,50	54,46	0,96	1	1	Habituation	Habituation
-900	10006	1	1	05.08.2018	14:47	4	12	12	69,34	69,85	0,51	1	1	Habituation	Habituation
-900	10006	1	1	05.08.2018	14:47	4	13	13	70,22	70,90	0,68	1	1	Habituation	Habituation
-900	10006	1	1	05.08.2018	14:47	4	14	14	71,70	72,51	0,81	1	1	Habituation	Habituation
-900	10006	1	1	05.08.2018	14:47	4	15	15	83,66	84,46	0,80	1	1	Habituation	Habituation
-900	10006	1	1	05.08.2018	14:47	4	16	16	84,52	85,44	0,92	1	1	Habituation	Habituation
-900	10006	1	1	05.08.2018	14:47	4	17	17	88,41	88,97	0,56	1	1	Habituation	Habituation
-900	10006	1	1	05.08.2018	14:47	4	18	18	89,45	89,99	0,54	1	1	Habituation	Habituation
-900	10006	1	1	05.08.2018	14:47	4	19	19	91,73	92,28	0,55	1	1	Habituation	Habituation
-900	10006	1	1	05.08.2018	14:47	4	20	20	92,28	93,52	1,24	1	1	Habituation	Habituation
-900	10006	1	1	05.08.2018	14:47	4	21	21	98,39	99,10	0,71	1	1	Habituation	Habituation
-900	10006	1	1	05.08.2018	14:47	4	22	22	99,10	99,63	0,53	1	1	Habituation	Habituation
-900	10006	1	1	05.08.2018	14:47	4	23	23	101,79	102,43	0,64	1	1	Habituation	Habituation
-900	10006	1	1	05.08.2018	14:47	4	24	24	104,19	104,78	0,59	1	1	Habituation	Habituation
-900	10006	1	1	05.08.2018	14:47	4	25	25	124,77	125,48	0,71	1	1	Habituation	Habituation
-900	10006	1	1	05.08.2018	14:47	4	26	26	129,35	130,06	0,71	1	1	Habituation	Habituation
-900	10006	1	1	05.08.2018	14:47	4	27	27	133,70	134,45	0,75	1	1	Habituation	Habituation
-900	10006	1	1	05.08.2018	14:47	4	28	28	135,69	136,71	1,02	1	1	Habituation	Habituation
-900	10006	1	1	05.08.2018	14:47	4	29	29	136,71	137,37	0,66	1	1	Habituation	Habituation
-900	10006	1	1	05.08.2018	14:47	4	30	30	140,32	141,65	1,33	1	1	Habituation	Habituation
-900	10006	1	1	05.08.2018	14:47	4	31	31	147,58	148,60	1,02	1	1	Habituation	Habituation
-900	10006	1	1	05.08.2018	14:47	4	32	32	148,83	150,64	1,81	1	1	Habituation	Habituation
-900	10006	1	1	05.08.2018	14:47	4	33	33	150,71	151,23	0,52	1	1	Habituation	Habituation
-900	10006	1	1	05.08.2018	14:47	4	34	34	152,75	153,29	0,54	1	1	Habituation	Habituation
-900	10006	1	1	05.08.2018	14:47	4	35	35	155,58	156,18	0,60	1	1	Habituation	Habituation
-900	10006	1	1	05.08.2018	14:47	4	36	36	156,89	160,46	3,57	1	1	Habituation	Habituation
-900	10006	1	1	05.08.2018	14:47	4	37	37	161,17	161,99	0,82	1	1	Habituation	Habituation
-900	10006	1	1	05.08.2018	14:47	4	38	38	167,64	168,56	0,92	1	1	Habituation	Habituation
-900	10006	1	1	05.08.2018	14:47	4	39	39	169,49	170,30	0,81	1	1	Habituation	Habituation
-900	10006	1	1	05.08.2018	14:47	4	40	40	172,15	172,77	0,62	1	1	Habituation	Habituation
-900	10006	1	1	05.08.2018	14:47	4	41	41	176,06	176,77	0,71	1	1	Habituation	Habituation
-900	10006	1	1	05.09.2018	11:23	5	1	1	0,00	0,89	0,89	1	1	Habituation	Habituation
-900	10006	1	1	05.09.2018	11:23	5	2	2	0,89	15,73	14,84	1	1	Habituation	Habituation
-900	10006	1	1	05.09.2018	11:23	5	3	3	15,78	30,15	14,37	1	1	Habituation	Habituation
-900	10006	1	1	05.09.2018	11:23	5	4	4	30,15	33,63	3,48	1	1	Habituation	Habituation
-900	10006	1	1	05.09.2018	11:23	5	5	5	33,63	35,65	2,02	1	1	Habituation	Habituation
-900	10006	1	1	05.09.2018	11:23	5	6	6	36,33	62,43	26,10	1	1	Habituation	Habituation
-900	10006	1	1	05.09.2018	11:23	5	7	7	62,43	63,08	0,65	1	1	Habituation	Habituation
-900	10006	1	1	05.09.2018	11:23	5	8	8	65,73	66,62	0,89	1	1	Habituation	Habituation
-900	10006	1	1	05.09.2018	11:23	5	9	9	67,52	68,30	0,78	1	1	Habituation	Habituation
-900	10006	1	1	05.09.2018	11:23	5	10	10	68,55	69,19	0,64	1	1	Habituation	Habituation
-900	10006	1	1	05.09.2018	11:23	5	11	11	69,28	69,83	0,55	1	1	Habituation	Habituation
-900	10006	1	1	05.09.2018	11:23	5	12	12	70,00	71,26	1,26	1	1	Habituation	Habituation
-900	10006	1	1	05.09.2018	11:23	5	13	13	71,26	71,90	0,64	1	1	Habituation	Habituation
-900	10006	1	1	05.09.2018	11:23	5	14	14	73,94	74,83	0,89	1	1	Habituation	Habituation
-900	10006	1	1	05.09.2018	11:23	5	15	15	77,70	78,48	0,78	1	1	Habituation	Habituation
-900	10006	1	1	05.09.2018	11:23	5	16	16	94,77	95,32	0,55	1	1	Habituation	Habituation
-900	10006	1	1	05.09.2018	11:23	5	17	17	97,86	98,39	0,53	1	1	Habituation	Habituation
-900	10006	1	1	05.09.2018	11:23	5	18	18	103,09	103,87	0,78	1	1	Habituation	Habituation
-900	10006	1	1	05.09.2018	11:23	5	19	19	108,93	109,66	0,73	1	1	Habituation	Habituation
-900	10006	1	1	05.09.2018	11:23	5	20	20	111,45	111,98	0,53	1	1	Habituation	Habituation
-900	10006	1	1	05.09.2018	11:23	5	21	21	113,51	114,22	0,71	1	1	Habituation	Habituation
-900	10006	1	1	05.09.2018	11:23	5	22	22	116,65	117,28	0,63	1	1	Habituation	Habituation
-900	10006	1	1	05.09.2018	11:23	5	23	23	120,66	121,21	0,55	1	1	Habituation	Habituation
-900	10006	1	1	05.09.2018	11:23	5	24	24	122,02	122,79	0,77	1	1	Habituation	Habituation
-900	10006	1	1	05.09.2018	11:23	5	25	25	123,46	125,25	1,79	1	1	Habituation	Habituation
-900	10006	1	1	05.09.2018	11:23	5	26	26	131,25	131,87	0,62	1	1	Habituation	Habituation
-900	10006	1	1	05.09.2018	11:23	5	27	27	134,94	135,51	0,57	1	1	Habituation	Habituation
-900	10006	1	1	05.09.2018	11:23	5	28	28	137,49	138,06	0,57	1	1	Habituation	Habituation
-900	10006	1	1	05.09.2018	11:23	5	29	29	141,75	142,62	0,87	1	1	Habituation	Habituation
-900	10006	1	1	05.09.2018	11:23	5	30	30	144,15	145,19	1,04	1	1	Habituation	Habituation
-900	10006	1	1	05.09.2018	11:23	5	31	31	151,00	151,76	0,76	1	1	Habituation	Habituation
-900	10006	1	1	05.09.2018	11:23	5	32	32	155,71	156,27	0,56	1	1	Habituation	Habituation
-900	10006	1	1	05.09.2018	11:23	5	33	33	157,33	157,86	0,53	1	1	Habituation	Habituation
-900	10006	1	1	05.09.2018	11:23	5	34	34	158,32	159,18	0,86	1	1	Habituation	Habituation
-900	10006	1	1	05.09.2018	11:23	5	35	35	159,19	159,78	0,59	1	1	Habituation	Habituation
-900	10006	1	1	05.09.2018	11:23	5	36	36	161,64	162,18	0,54	1	1	Habituation	Habituation
-900	10006	1	1	05.09.2018	11:23	5	37	37	167,18	167,85	0,67	1	1	Habituation	Habituation
-900	10006	1	1	05.09.2018	11:23	5	38	38	168,79	169,86	1,07	1	1	Habituation	Habituation
-900	10006	1	1	05.09.2018	11:23	5	39	39	171,28	171,92	0,64	1	1	Habituation	Habituation
-900	10006	1	1	05.09.2018	11:23	5	40	40	174,47	175,71	1,24	1	1	Habituation	Habituation
